2.006120100000000000e+07 1.000000000000000000e+01 0.000000000000000000e+00 1.000000000000000000e+00 1.000000000000000000e+00 0.000000000000000000e+00 0.000000000000000000e+00 0.000000000000000000e+00 0.000000000000000000e+00 0.000000000000000000e+00 0.000000000000000000e+00
2.007011300000000000e+07 2.000000000000000000e+01 2.100000000000000000e+01 1.110000000000000000e+02 4.469999999999999751e+00 3.820000000000000062e-01 3.130000000000000004e-01 2.009999999999999787e+00 0.000000000000000000e+00 9.688991369646515750e-02 1.036446008402603924e-01
2.007011400000000000e+07 1.900000000000000000e+01 5.200000000000000000e+01 8.400000000000000000e+01 3.450000000000000178e+00 2.949999999999999845e-01 2.419999999999999929e-01 2.009999999999999787e+00 0.000000000000000000e+00 0.000000000000000000e+00 0.000000000000000000e+00
2.007011400000000000e+07 1.900000000000000000e+01 5.800000000000000000e+01 8.500000000000000000e+01 3.620000000000000107e+00 3.089999999999999969e-01 2.510000000000000009e-01 2.009999999999999787e+00 0.000000000000000000e+00 0.000000000000000000e+00 0.000000000000000000e+00
2.007011500000000000e+07 1.900000000000000000e+01 4.900000000000000000e+01 8.400000000000000000e+01 5.480000000000000426e+00 4.640000000000000235e-01 3.780000000000000027e-01 2.020000000000000018e+00 0.000000000000000000e+00 0.000000000000000000e+00 0.000000000000000000e+00
2.007011500000000000e+07 2.000000000000000000e+01 3.000000000000000000e+00 8.500000000000000000e+01 4.469999999999999751e+00 3.780000000000000027e-01 3.079999999999999960e-01 2.020000000000000018e+00 0.000000000000000000e+00 1.057860426402147946e-01 9.924772958798999678e-02
2.007012000000000000e+07 1.900000000000000000e+01 3.800000000000000000e+01 9.100000000000000000e+01 6.120000000000000107e+00 5.070000000000000062e-01 4.129999999999999782e-01 2.040000000000000036e+00 0.000000000000000000e+00 0.000000000000000000e+00 0.000000000000000000e+00
2.007012000000000000e+07 2.000000000000000000e+01 4.000000000000000000e+00 9.200000000000000000e+01 5.660000000000000142e+00 4.689999999999999725e-01 3.820000000000000062e-01 2.040000000000000036e+00 0.000000000000000000e+00 1.010450070550344970e-01 9.162983509899086387e-02
2.007012000000000000e+07 2.000000000000000000e+01 2.000000000000000000e+01 9.300000000000000000e+01 5.049999999999999822e+00 4.179999999999999827e-01 3.400000000000000244e-01 2.040000000000000036e+00 0.000000000000000000e+00 1.055797847290675384e-01 9.138977640011836101e-02
2.007012100000000000e+07 1.800000000000000000e+01 3.500000000000000000e+01 9.400000000000000000e+01 6.009999999999999787e+00 4.969999999999999973e-01 4.030000000000000249e-01 2.040000000000000036e+00 0.000000000000000000e+00 0.000000000000000000e+00 0.000000000000000000e+00
2.007012100000000000e+07 1.900000000000000000e+01 0.000000000000000000e+00 9.500000000000000000e+01 5.280000000000000249e+00 4.369999999999999996e-01 3.539999999999999813e-01 2.040000000000000036e+00 0.000000000000000000e+00 0.000000000000000000e+00 0.000000000000000000e+00
2.007012100000000000e+07 1.900000000000000000e+01 4.300000000000000000e+01 1.000000000000000000e+02 5.440000000000000391e+00 4.500000000000000111e-01 3.649999999999999911e-01 2.040000000000000036e+00 0.000000000000000000e+00 0.000000000000000000e+00 0.000000000000000000e+00
2.007040400000000000e+07 1.600000000000000000e+01 4.900000000000000000e+01 1.070000000000000000e+02 1.001999999999999957e+01 5.689999999999999503e-01 4.620000000000000218e-01 2.450000000000000178e+00 0.000000000000000000e+00 0.000000000000000000e+00 0.000000000000000000e+00
2.007040500000000000e+07 1.600000000000000000e+01 5.400000000000000000e+01 6.900000000000000000e+01 1.013000000000000078e+01 5.699999999999999512e-01 4.650000000000000244e-01 2.459999999999999964e+00 0.000000000000000000e+00 0.000000000000000000e+00 0.000000000000000000e+00
2.007041200000000000e+07 1.700000000000000000e+01 3.600000000000000000e+01 8.400000000000000000e+01 9.980000000000000426e+00 5.400000000000000355e-01 4.410000000000000031e-01 2.509999999999999787e+00 0.000000000000000000e+00 0.000000000000000000e+00 0.000000000000000000e+00
2.007041300000000000e+07 1.600000000000000000e+01 5.100000000000000000e+01 6.200000000000000000e+01 2.890000000000000124e+00 1.559999999999999998e-01 1.270000000000000018e-01 2.509999999999999787e+00 0.000000000000000000e+00 0.000000000000000000e+00 0.000000000000000000e+00
2.007041400000000000e+07 1.700000000000000000e+01 2.100000000000000000e+01 7.100000000000000000e+01 9.859999999999999432e+00 5.300000000000000266e-01 4.309999999999999942e-01 2.520000000000000018e+00 0.000000000000000000e+00 0.000000000000000000e+00 0.000000000000000000e+00
2.007041500000000000e+07 1.700000000000000000e+01 3.900000000000000000e+01 8.400000000000000000e+01 1.073000000000000043e+01 5.719999999999999529e-01 4.670000000000000262e-01 2.529999999999999805e+00 0.000000000000000000e+00 0.000000000000000000e+00 0.000000000000000000e+00
2.007041600000000000e+07 1.700000000000000000e+01 4.300000000000000000e+01 9.100000000000000000e+01 1.061999999999999922e+01 5.659999999999999476e-01 4.600000000000000200e-01 2.529999999999999805e+00 0.000000000000000000e+00 0.000000000000000000e+00 0.000000000000000000e+00
2.007041800000000000e+07 1.800000000000000000e+01 1.400000000000000000e+01 6.700000000000000000e+01 9.570000000000000284e+00 5.030000000000000027e-01 4.099999999999999756e-01 2.549999999999999822e+00 0.000000000000000000e+00 0.000000000000000000e+00 0.000000000000000000e+00
2.007042000000000000e+07 1.800000000000000000e+01 1.200000000000000000e+01 5.800000000000000000e+01 1.090000000000000036e+01 5.679999999999999494e-01 4.620000000000000218e-01 2.560000000000000053e+00 0.000000000000000000e+00 0.000000000000000000e+00 0.000000000000000000e+00
2.007042100000000000e+07 1.700000000000000000e+01 2.400000000000000000e+01 7.900000000000000000e+01 1.102999999999999936e+01 5.709999999999999520e-01 4.650000000000000244e-01 2.569999999999999840e+00 0.000000000000000000e+00 0.000000000000000000e+00 0.000000000000000000e+00
2.007042100000000000e+07 2.000000000000000000e+01 0.000000000000000000e+00 9.400000000000000000e+01 9.640000000000000568e+00 4.989999999999999991e-01 4.060000000000000275e-01 2.569999999999999840e+00 0.000000000000000000e+00 1.037661199869919226e-01 9.720601496108483008e-02
2.007042200000000000e+07 1.600000000000000000e+01 3.000000000000000000e+01 8.200000000000000000e+01 9.630000000000000782e+00 4.949999999999999956e-01 4.040000000000000258e-01 2.580000000000000071e+00 0.000000000000000000e+00 0.000000000000000000e+00 0.000000000000000000e+00
2.007042200000000000e+07 2.000000000000000000e+01 2.400000000000000000e+01 9.600000000000000000e+01 9.349999999999999645e+00 4.799999999999999822e-01 3.920000000000000151e-01 2.580000000000000071e+00 0.000000000000000000e+00 9.965499555778623009e-02 1.009696547568057490e-01
2.007042600000000000e+07 1.500000000000000000e+01 4.200000000000000000e+01 8.600000000000000000e+01 5.540000000000000036e+00 2.800000000000000266e-01 2.280000000000000082e-01 2.600000000000000089e+00 0.000000000000000000e+00 0.000000000000000000e+00 0.000000000000000000e+00
2.007042600000000000e+07 1.500000000000000000e+01 4.900000000000000000e+01 8.700000000000000000e+01 6.750000000000000000e+00 3.420000000000000262e-01 2.770000000000000240e-01 2.600000000000000089e+00 0.000000000000000000e+00 0.000000000000000000e+00 0.000000000000000000e+00
2.007042600000000000e+07 1.600000000000000000e+01 2.200000000000000000e+01 9.100000000000000000e+01 1.033000000000000007e+01 5.220000000000000195e-01 4.239999999999999880e-01 2.600000000000000089e+00 0.000000000000000000e+00 0.000000000000000000e+00 0.000000000000000000e+00
2.007042700000000000e+07 1.600000000000000000e+01 2.400000000000000000e+01 6.800000000000000000e+01 1.035999999999999943e+01 5.210000000000000187e-01 4.229999999999999871e-01 2.609999999999999876e+00 0.000000000000000000e+00 0.000000000000000000e+00 0.000000000000000000e+00
2.007050200000000000e+07 1.800000000000000000e+01 1.600000000000000000e+01 8.800000000000000000e+01 1.256000000000000050e+01 6.129999999999999893e-01 5.000000000000000000e-01 2.649999999999999911e+00 0.000000000000000000e+00 0.000000000000000000e+00 0.000000000000000000e+00
2.007050300000000000e+07 1.600000000000000000e+01 4.500000000000000000e+01 6.800000000000000000e+01 1.114000000000000057e+01 5.400000000000000355e-01 4.410000000000000031e-01 2.660000000000000142e+00 0.000000000000000000e+00 0.000000000000000000e+00 0.000000000000000000e+00
2.007050800000000000e+07 1.900000000000000000e+01 3.900000000000000000e+01 7.100000000000000000e+01 1.149000000000000021e+01 5.460000000000000409e-01 4.430000000000000049e-01 2.689999999999999947e+00 5.099999999999999672e-02 0.000000000000000000e+00 0.000000000000000000e+00
2.007051200000000000e+07 1.700000000000000000e+01 5.600000000000000000e+01 7.300000000000000000e+01 1.088000000000000078e+01 5.060000000000000053e-01 4.109999999999999765e-01 2.720000000000000195e+00 1.789999999999999925e-01 0.000000000000000000e+00 0.000000000000000000e+00
2.007051300000000000e+07 1.800000000000000000e+01 1.100000000000000000e+01 4.500000000000000000e+01 1.401999999999999957e+01 6.480000000000000204e-01 5.260000000000000231e-01 2.729999999999999982e+00 1.600000000000000033e-01 0.000000000000000000e+00 0.000000000000000000e+00
2.007051400000000000e+07 1.700000000000000000e+01 3.400000000000000000e+01 5.300000000000000000e+01 1.375000000000000000e+01 6.310000000000000053e-01 5.140000000000000124e-01 2.740000000000000213e+00 1.069999999999999979e-01 0.000000000000000000e+00 0.000000000000000000e+00
2.007051600000000000e+07 1.700000000000000000e+01 3.200000000000000000e+01 1.120000000000000000e+02 1.348000000000000043e+01 6.099999999999999867e-01 4.979999999999999982e-01 2.759999999999999787e+00 1.199999999999999956e-01 0.000000000000000000e+00 0.000000000000000000e+00
2.007052600000000000e+07 1.600000000000000000e+01 0.000000000000000000e+00 6.200000000000000000e+01 1.141000000000000014e+01 4.909999999999999920e-01 4.010000000000000231e-01 2.839999999999999858e+00 5.600000000000000117e-02 0.000000000000000000e+00 0.000000000000000000e+00
2.007060200000000000e+07 1.700000000000000000e+01 5.700000000000000000e+01 8.900000000000000000e+01 1.552999999999999936e+01 6.450000000000000178e-01 5.260000000000000231e-01 2.899999999999999911e+00 8.200000000000000344e-02 0.000000000000000000e+00 0.000000000000000000e+00
2.007060400000000000e+07 1.800000000000000000e+01 2.100000000000000000e+01 1.040000000000000000e+02 1.559999999999999964e+01 6.440000000000000169e-01 5.230000000000000204e-01 2.910000000000000142e+00 1.260000000000000009e-01 0.000000000000000000e+00 0.000000000000000000e+00
2.007060500000000000e+07 1.800000000000000000e+01 2.000000000000000000e+00 8.000000000000000000e+01 1.623000000000000043e+01 6.660000000000000364e-01 5.420000000000000373e-01 2.919999999999999929e+00 8.000000000000000167e-02 0.000000000000000000e+00 0.000000000000000000e+00
2.007060700000000000e+07 1.800000000000000000e+01 3.700000000000000000e+01 7.600000000000000000e+01 1.463000000000000078e+01 5.929999999999999716e-01 4.829999999999999849e-01 2.939999999999999947e+00 8.799999999999999489e-02 0.000000000000000000e+00 0.000000000000000000e+00
2.007060900000000000e+07 1.900000000000000000e+01 3.400000000000000000e+01 8.100000000000000000e+01 1.355000000000000071e+01 5.430000000000000382e-01 4.430000000000000049e-01 2.959999999999999964e+00 8.699999999999999400e-02 0.000000000000000000e+00 0.000000000000000000e+00
2.007061000000000000e+07 2.000000000000000000e+01 3.000000000000000000e+01 9.700000000000000000e+01 5.139999999999999680e+00 2.049999999999999878e-01 1.670000000000000095e-01 2.970000000000000195e+00 1.600000000000000033e-01 1.065367297736889707e-01 1.053978610350849027e-01
2.007061100000000000e+07 1.900000000000000000e+01 5.000000000000000000e+00 1.220000000000000000e+02 1.491000000000000014e+01 5.909999999999999698e-01 4.819999999999999840e-01 2.979999999999999982e+00 1.110000000000000014e-01 0.000000000000000000e+00 0.000000000000000000e+00
2.007061600000000000e+07 1.900000000000000000e+01 2.000000000000000000e+00 9.600000000000000000e+01 1.488000000000000078e+01 5.759999999999999565e-01 4.689999999999999725e-01 3.020000000000000018e+00 1.150000000000000050e-01 0.000000000000000000e+00 0.000000000000000000e+00
2.007070800000000000e+07 1.700000000000000000e+01 5.700000000000000000e+01 1.250000000000000000e+02 1.671999999999999886e+01 5.739999999999999547e-01 4.660000000000000253e-01 3.240000000000000213e+00 8.799999999999999489e-02 0.000000000000000000e+00 0.000000000000000000e+00
2.007071300000000000e+07 1.600000000000000000e+01 2.000000000000000000e+01 8.200000000000000000e+01 1.742000000000000171e+01 5.799999999999999600e-01 4.719999999999999751e-01 3.299999999999999822e+00 8.799999999999999489e-02 0.000000000000000000e+00 0.000000000000000000e+00
2.007071700000000000e+07 1.700000000000000000e+01 5.500000000000000000e+01 8.700000000000000000e+01 1.508000000000000007e+01 4.889999999999999902e-01 3.980000000000000204e-01 3.350000000000000089e+00 7.599999999999999811e-02 0.000000000000000000e+00 0.000000000000000000e+00
2.007080200000000000e+07 1.300000000000000000e+01 5.000000000000000000e+01 6.800000000000000000e+01 6.990000000000000213e+00 2.049999999999999878e-01 1.670000000000000095e-01 3.560000000000000053e+00 1.039999999999999952e-01 0.000000000000000000e+00 0.000000000000000000e+00
2.007081200000000000e+07 1.700000000000000000e+01 3.000000000000000000e+01 1.100000000000000000e+02 6.150000000000000355e+00 1.680000000000000104e-01 1.360000000000000098e-01 3.709999999999999964e+00 7.399999999999999634e-02 0.000000000000000000e+00 0.000000000000000000e+00
2.007082000000000000e+07 1.200000000000000000e+01 5.800000000000000000e+01 4.600000000000000000e+01 8.660000000000000142e+00 2.220000000000000029e-01 1.799999999999999933e-01 3.839999999999999858e+00 4.800000000000000100e-02 0.000000000000000000e+00 0.000000000000000000e+00
2.007082100000000000e+07 1.600000000000000000e+01 1.300000000000000000e+01 7.700000000000000000e+01 5.519999999999999574e+00 1.400000000000000133e-01 1.140000000000000041e-01 3.859999999999999876e+00 4.599999999999999922e-02 0.000000000000000000e+00 0.000000000000000000e+00
2.007083100000000000e+07 1.300000000000000000e+01 1.200000000000000000e+01 3.700000000000000000e+01 7.080000000000000071e+00 1.650000000000000078e-01 1.340000000000000080e-01 4.049999999999999822e+00 1.100000000000000006e-01 0.000000000000000000e+00 0.000000000000000000e+00
2.007090600000000000e+07 1.400000000000000000e+01 3.500000000000000000e+01 6.600000000000000000e+01 9.089999999999999858e+00 2.010000000000000120e-01 1.630000000000000060e-01 4.179999999999999716e+00 7.099999999999999367e-02 0.000000000000000000e+00 0.000000000000000000e+00
2.007090600000000000e+07 1.400000000000000000e+01 4.000000000000000000e+01 6.700000000000000000e+01 2.432999999999999829e+01 5.380000000000000338e-01 4.369999999999999996e-01 4.179999999999999716e+00 7.199999999999999456e-02 0.000000000000000000e+00 0.000000000000000000e+00
2.007090700000000000e+07 1.500000000000000000e+01 4.300000000000000000e+01 6.200000000000000000e+01 1.419999999999999929e+00 3.099999999999999978e-02 2.500000000000000139e-02 4.209999999999999964e+00 1.280000000000000027e-01 0.000000000000000000e+00 0.000000000000000000e+00
2.007111000000000000e+07 1.600000000000000000e+01 1.100000000000000000e+01 7.800000000000000000e+01 5.660000000000000142e+01 6.149999999999999911e-01 5.000000000000000000e-01 6.549999999999999822e+00 8.000000000000000167e-02 0.000000000000000000e+00 0.000000000000000000e+00
2.007111000000000000e+07 1.800000000000000000e+01 1.000000000000000000e+00 1.000000000000000000e+02 5.707999999999999829e+01 6.199999999999999956e-01 5.040000000000000036e-01 6.549999999999999822e+00 7.900000000000000078e-02 0.000000000000000000e+00 0.000000000000000000e+00
2.007111100000000000e+07 1.400000000000000000e+01 4.800000000000000000e+01 7.400000000000000000e+01 4.943999999999999773e+01 5.320000000000000284e-01 4.329999999999999960e-01 6.599999999999999645e+00 1.010000000000000064e-01 0.000000000000000000e+00 0.000000000000000000e+00
2.007111100000000000e+07 1.500000000000000000e+01 2.200000000000000000e+01 8.100000000000000000e+01 5.834000000000000341e+01 6.280000000000000027e-01 5.110000000000000098e-01 6.599999999999999645e+00 1.089999999999999997e-01 0.000000000000000000e+00 0.000000000000000000e+00
2.007111100000000000e+07 1.600000000000000000e+01 4.000000000000000000e+00 9.000000000000000000e+01 5.629999999999999716e+01 6.059999999999999831e-01 4.929999999999999938e-01 6.599999999999999645e+00 1.130000000000000032e-01 0.000000000000000000e+00 0.000000000000000000e+00
2.007111100000000000e+07 1.600000000000000000e+01 2.200000000000000000e+01 9.300000000000000000e+01 5.739000000000000057e+01 6.169999999999999929e-01 5.020000000000000018e-01 6.599999999999999645e+00 1.160000000000000059e-01 0.000000000000000000e+00 0.000000000000000000e+00
2.007111100000000000e+07 1.600000000000000000e+01 3.700000000000000000e+01 9.600000000000000000e+01 5.790999999999999659e+01 6.229999999999999982e-01 5.070000000000000062e-01 6.599999999999999645e+00 1.140000000000000041e-01 0.000000000000000000e+00 0.000000000000000000e+00
2.007121400000000000e+07 1.500000000000000000e+01 2.300000000000000000e+01 5.300000000000000000e+01 6.623000000000000398e+01 5.789999999999999591e-01 4.709999999999999742e-01 7.900000000000000355e+00 8.200000000000000344e-02 0.000000000000000000e+00 0.000000000000000000e+00
2.007121800000000000e+07 1.500000000000000000e+01 9.000000000000000000e+00 6.900000000000000000e+01 6.903000000000000114e+01 6.029999999999999805e-01 4.909999999999999920e-01 7.929999999999999716e+00 5.999999999999999778e-02 0.000000000000000000e+00 0.000000000000000000e+00
2.007121900000000000e+07 1.400000000000000000e+01 1.100000000000000000e+01 5.000000000000000000e+01 7.075000000000000000e+01 6.189999999999999947e-01 5.040000000000000036e-01 7.929999999999999716e+00 2.250000000000000056e-01 0.000000000000000000e+00 0.000000000000000000e+00
2.007122100000000000e+07 1.400000000000000000e+01 4.000000000000000000e+01 7.200000000000000000e+01 6.882999999999999829e+01 6.039999999999999813e-01 4.919999999999999929e-01 7.919999999999999929e+00 3.300000000000000155e-02 0.000000000000000000e+00 0.000000000000000000e+00
2.008010500000000000e+07 1.100000000000000000e+01 8.000000000000000000e+00 4.900000000000000000e+01 6.442000000000000171e+01 6.139999999999999902e-01 5.000000000000000000e-01 7.519999999999999574e+00 3.240000000000000102e-01 0.000000000000000000e+00 0.000000000000000000e+00
2.008010600000000000e+07 1.300000000000000000e+01 1.400000000000000000e+01 4.000000000000000000e+01 6.729000000000000625e+01 6.480000000000000204e-01 5.280000000000000249e-01 7.469999999999999751e+00 2.049999999999999878e-01 0.000000000000000000e+00 0.000000000000000000e+00
2.008010700000000000e+07 1.200000000000000000e+01 3.500000000000000000e+01 4.900000000000000000e+01 6.470999999999999375e+01 6.290000000000000036e-01 5.120000000000000107e-01 7.419999999999999929e+00 1.839999999999999969e-01 0.000000000000000000e+00 0.000000000000000000e+00
2.008011100000000000e+07 7.000000000000000000e+00 3.000000000000000000e+00 1.900000000000000000e+01 5.189999999999999858e+01 5.250000000000000222e-01 4.269999999999999907e-01 7.230000000000000426e+00 1.100000000000000006e-01 0.000000000000000000e+00 0.000000000000000000e+00
2.008011400000000000e+07 6.000000000000000000e+00 1.900000000000000000e+01 8.000000000000000000e+00 5.775000000000000000e+01 6.039999999999999813e-01 4.919999999999999929e-01 7.070000000000000284e+00 3.170000000000000040e-01 0.000000000000000000e+00 0.000000000000000000e+00
2.008011800000000000e+07 6.000000000000000000e+00 1.300000000000000000e+01 1.400000000000000000e+01 4.481000000000000227e+01 4.929999999999999938e-01 4.010000000000000231e-01 6.830000000000000071e+00 3.420000000000000262e-01 0.000000000000000000e+00 0.000000000000000000e+00
2.008011900000000000e+07 8.000000000000000000e+00 5.900000000000000000e+01 3.500000000000000000e+01 5.053999999999999915e+01 5.629999999999999449e-01 4.580000000000000182e-01 6.769999999999999574e+00 1.650000000000000078e-01 0.000000000000000000e+00 0.000000000000000000e+00
2.008012000000000000e+07 1.300000000000000000e+01 1.000000000000000000e+01 6.700000000000000000e+01 4.978999999999999915e+01 5.629999999999999449e-01 4.580000000000000182e-01 6.700000000000000178e+00 8.899999999999999578e-02 0.000000000000000000e+00 0.000000000000000000e+00
2.008012200000000000e+07 4.000000000000000000e+00 5.600000000000000000e+01 7.000000000000000000e+00 3.879999999999999716e+01 4.490000000000000102e-01 3.649999999999999911e-01 6.599999999999999645e+00 2.280000000000000082e-01 1.008337133560524568e-01 9.218405278937491509e-02
2.008012200000000000e+07 9.000000000000000000e+00 1.700000000000000000e+01 3.500000000000000000e+01 4.985999999999999943e+01 5.779999999999999583e-01 4.709999999999999742e-01 6.589999999999999858e+00 3.400000000000000244e-02 0.000000000000000000e+00 0.000000000000000000e+00
2.008012300000000000e+07 5.000000000000000000e+00 2.000000000000000000e+00 9.000000000000000000e+00 5.056000000000000227e+01 5.919999999999999707e-01 4.829999999999999849e-01 6.540000000000000036e+00 2.379999999999999893e-01 0.000000000000000000e+00 0.000000000000000000e+00
2.008012400000000000e+07 4.000000000000000000e+00 5.800000000000000000e+01 7.000000000000000000e+00 4.963000000000000256e+01 5.899999999999999689e-01 4.809999999999999831e-01 6.480000000000000426e+00 5.199999999999999761e-02 1.036111184931503004e-01 9.943257641540115266e-02
2.008012800000000000e+07 5.000000000000000000e+00 4.300000000000000000e+01 9.000000000000000000e+00 4.071000000000000085e+01 5.140000000000000124e-01 4.179999999999999827e-01 6.230000000000000426e+00 3.500000000000000333e-02 0.000000000000000000e+00 0.000000000000000000e+00
2.008013000000000000e+07 9.000000000000000000e+00 2.000000000000000000e+01 3.500000000000000000e+01 3.279999999999999716e+01 4.269999999999999907e-01 3.479999999999999760e-01 6.099999999999999645e+00 1.680000000000000104e-01 0.000000000000000000e+00 0.000000000000000000e+00
2.008021300000000000e+07 7.000000000000000000e+00 5.900000000000000000e+01 3.200000000000000000e+01 3.592999999999999972e+01 5.859999999999999654e-01 4.769999999999999796e-01 5.309999999999999609e+00 1.260000000000000009e-01 0.000000000000000000e+00 0.000000000000000000e+00
2.008021500000000000e+07 3.000000000000000000e+00 4.600000000000000000e+01 6.000000000000000000e+00 3.215999999999999659e+01 5.410000000000000364e-01 4.400000000000000022e-01 5.209999999999999964e+00 1.049999999999999961e-01 1.110923585460761309e-01 9.737185096716571842e-02
2.008021600000000000e+07 3.000000000000000000e+00 5.100000000000000000e+01 6.000000000000000000e+00 2.987999999999999901e+01 5.110000000000000098e-01 4.159999999999999809e-01 5.160000000000000142e+00 2.240000000000000047e-01 1.053249673778289264e-01 1.024967106889567714e-01
2.008031000000000000e+07 9.000000000000000000e+00 4.500000000000000000e+01 3.500000000000000000e+01 2.466000000000000014e+01 6.139999999999999902e-01 4.979999999999999982e-01 4.150000000000000355e+00 1.320000000000000062e-01 0.000000000000000000e+00 0.000000000000000000e+00
2.008031200000000000e+07 9.000000000000000000e+00 1.000000000000000000e+00 3.200000000000000000e+01 2.207000000000000028e+01 5.649999999999999467e-01 4.600000000000000200e-01 4.080000000000000071e+00 7.399999999999999634e-02 0.000000000000000000e+00 0.000000000000000000e+00
2.008031500000000000e+07 7.000000000000000000e+00 2.800000000000000000e+01 2.100000000000000000e+01 2.108999999999999986e+01 5.649999999999999467e-01 4.590000000000000191e-01 3.979999999999999982e+00 9.900000000000000466e-02 0.000000000000000000e+00 0.000000000000000000e+00
2.008031700000000000e+07 4.000000000000000000e+00 1.500000000000000000e+01 2.500000000000000000e+01 1.543999999999999950e+01 4.249999999999999889e-01 3.449999999999999734e-01 3.919999999999999929e+00 1.570000000000000007e-01 1.016614260921712698e-01 1.058894923049788495e-01
2.008032400000000000e+07 6.000000000000000000e+00 3.100000000000000000e+01 4.400000000000000000e+01 1.957000000000000028e+01 5.969999999999999751e-01 4.849999999999999867e-01 3.700000000000000178e+00 3.799999999999999906e-02 0.000000000000000000e+00 0.000000000000000000e+00
2.008032500000000000e+07 9.000000000000000000e+00 8.000000000000000000e+00 3.300000000000000000e+01 1.892000000000000171e+01 5.849999999999999645e-01 4.759999999999999787e-01 3.669999999999999929e+00 4.700000000000000011e-02 0.000000000000000000e+00 0.000000000000000000e+00
2.008032900000000000e+07 6.000000000000000000e+00 4.700000000000000000e+01 1.600000000000000000e+01 1.730000000000000071e+01 5.659999999999999476e-01 4.600000000000000200e-01 3.560000000000000053e+00 1.079999999999999988e-01 0.000000000000000000e+00 0.000000000000000000e+00
2.008033100000000000e+07 8.000000000000000000e+00 5.500000000000000000e+01 4.900000000000000000e+01 1.703999999999999915e+01 5.719999999999999529e-01 4.660000000000000253e-01 3.509999999999999787e+00 1.100000000000000006e-01 0.000000000000000000e+00 0.000000000000000000e+00
2.008041600000000000e+07 9.000000000000000000e+00 3.500000000000000000e+01 3.000000000000000000e+01 7.400000000000000355e+00 3.029999999999999916e-01 2.469999999999999973e-01 3.140000000000000124e+00 1.930000000000000049e-01 0.000000000000000000e+00 0.000000000000000000e+00
2.008042200000000000e+07 6.000000000000000000e+00 9.000000000000000000e+00 1.400000000000000000e+01 1.294999999999999929e+01 5.659999999999999476e-01 4.610000000000000209e-01 3.029999999999999805e+00 9.600000000000000200e-02 0.000000000000000000e+00 0.000000000000000000e+00
2.008050500000000000e+07 6.000000000000000000e+00 1.400000000000000000e+01 8.000000000000000000e+00 1.158000000000000007e+01 5.789999999999999591e-01 4.719999999999999751e-01 2.810000000000000053e+00 1.400000000000000133e-01 0.000000000000000000e+00 0.000000000000000000e+00
2.008050600000000000e+07 7.000000000000000000e+00 1.400000000000000000e+01 9.000000000000000000e+00 9.839999999999999858e+00 4.989999999999999991e-01 4.050000000000000266e-01 2.790000000000000036e+00 1.239999999999999991e-01 0.000000000000000000e+00 0.000000000000000000e+00
2.008050700000000000e+07 6.000000000000000000e+00 3.800000000000000000e+01 1.800000000000000000e+01 1.152999999999999936e+01 5.879999999999999671e-01 4.789999999999999813e-01 2.779999999999999805e+00 1.120000000000000023e-01 0.000000000000000000e+00 0.000000000000000000e+00
2.008050900000000000e+07 7.000000000000000000e+00 4.600000000000000000e+01 2.400000000000000000e+01 1.094999999999999929e+01 5.699999999999999512e-01 4.640000000000000235e-01 2.750000000000000000e+00 5.800000000000000294e-02 0.000000000000000000e+00 0.000000000000000000e+00
2.008052900000000000e+07 5.000000000000000000e+00 4.300000000000000000e+01 1.300000000000000000e+01 1.016999999999999993e+01 6.290000000000000036e-01 5.120000000000000107e-01 2.500000000000000000e+00 5.500000000000000028e-02 0.000000000000000000e+00 0.000000000000000000e+00
2.008060700000000000e+07 7.000000000000000000e+00 1.400000000000000000e+01 1.000000000000000000e+01 8.070000000000000284e+00 5.330000000000000293e-01 4.349999999999999978e-01 2.410000000000000142e+00 1.739999999999999880e-01 0.000000000000000000e+00 0.000000000000000000e+00
2.008062700000000000e+07 6.000000000000000000e+00 1.100000000000000000e+01 2.600000000000000000e+01 7.889999999999999680e+00 5.949999999999999734e-01 4.839999999999999858e-01 2.240000000000000213e+00 8.799999999999999489e-02 0.000000000000000000e+00 0.000000000000000000e+00
2.008070100000000000e+07 6.000000000000000000e+00 1.500000000000000000e+01 1.300000000000000000e+01 7.330000000000000071e+00 5.659999999999999476e-01 4.600000000000000200e-01 2.209999999999999964e+00 1.019999999999999934e-01 0.000000000000000000e+00 0.000000000000000000e+00
2.008072000000000000e+07 5.000000000000000000e+00 5.500000000000000000e+01 6.000000000000000000e+00 6.410000000000000142e+00 5.410000000000000364e-01 4.410000000000000031e-01 2.100000000000000089e+00 1.219999999999999973e-01 0.000000000000000000e+00 0.000000000000000000e+00
2.008080200000000000e+07 5.000000000000000000e+00 3.000000000000000000e+01 6.000000000000000000e+00 6.540000000000000036e+00 5.799999999999999600e-01 4.729999999999999760e-01 2.040000000000000036e+00 8.899999999999999578e-02 0.000000000000000000e+00 0.000000000000000000e+00
2.008080300000000000e+07 5.000000000000000000e+00 5.100000000000000000e+01 1.000000000000000000e+01 6.099999999999999645e+00 5.460000000000000409e-01 4.430000000000000049e-01 2.029999999999999805e+00 9.099999999999999756e-02 0.000000000000000000e+00 0.000000000000000000e+00
2.009021600000000000e+07 1.700000000000000000e+01 5.500000000000000000e+01 7.800000000000000000e+01 6.679999999999999716e+00 5.400000000000000355e-01 4.420000000000000040e-01 2.029999999999999805e+00 1.110000000000000014e-01 0.000000000000000000e+00 0.000000000000000000e+00
2.009032700000000000e+07 1.700000000000000000e+01 0.000000000000000000e+00 9.700000000000000000e+01 4.500000000000000000e+00 3.300000000000000155e-01 2.690000000000000169e-01 2.129999999999999893e+00 4.200000000000000261e-02 0.000000000000000000e+00 0.000000000000000000e+00
2.009040400000000000e+07 1.600000000000000000e+01 3.500000000000000000e+01 9.000000000000000000e+01 5.320000000000000284e+00 3.840000000000000080e-01 3.109999999999999987e-01 2.149999999999999911e+00 1.300000000000000044e-01 0.000000000000000000e+00 0.000000000000000000e+00
2.009051200000000000e+07 1.700000000000000000e+01 4.100000000000000000e+01 6.600000000000000000e+01 6.280000000000000249e+00 4.129999999999999782e-01 3.350000000000000200e-01 2.270000000000000018e+00 1.390000000000000124e-01 0.000000000000000000e+00 0.000000000000000000e+00
2.009052200000000000e+07 1.600000000000000000e+01 2.300000000000000000e+01 6.900000000000000000e+01 9.570000000000000284e+00 6.119999999999999885e-01 5.000000000000000000e-01 2.310000000000000053e+00 8.799999999999999489e-02 0.000000000000000000e+00 0.000000000000000000e+00
2.009052500000000000e+07 1.600000000000000000e+01 3.700000000000000000e+01 6.300000000000000000e+01 9.689999999999999503e+00 6.159999999999999920e-01 5.020000000000000018e-01 2.319999999999999840e+00 1.270000000000000018e-01 0.000000000000000000e+00 0.000000000000000000e+00
2.009062300000000000e+07 1.700000000000000000e+01 3.000000000000000000e+01 5.500000000000000000e+01 1.026999999999999957e+01 6.079999999999999849e-01 4.929999999999999938e-01 2.430000000000000160e+00 1.000000000000000056e-01 0.000000000000000000e+00 0.000000000000000000e+00
2.009090200000000000e+07 1.700000000000000000e+01 1.400000000000000000e+01 7.700000000000000000e+01 1.377999999999999936e+01 5.919999999999999707e-01 4.809999999999999831e-01 2.930000000000000160e+00 1.130000000000000032e-01 0.000000000000000000e+00 0.000000000000000000e+00
2.009090300000000000e+07 1.700000000000000000e+01 1.600000000000000000e+01 7.300000000000000000e+01 1.480000000000000071e+01 6.320000000000000062e-01 5.130000000000000115e-01 2.939999999999999947e+00 8.799999999999999489e-02 0.000000000000000000e+00 0.000000000000000000e+00
2.009090600000000000e+07 1.700000000000000000e+01 1.700000000000000000e+01 5.300000000000000000e+01 1.441000000000000014e+01 5.999999999999999778e-01 4.899999999999999911e-01 2.979999999999999982e+00 1.270000000000000018e-01 0.000000000000000000e+00 0.000000000000000000e+00
2.009092100000000000e+07 1.600000000000000000e+01 9.000000000000000000e+00 5.500000000000000000e+01 1.605999999999999872e+01 5.989999999999999769e-01 4.879999999999999893e-01 3.169999999999999929e+00 7.199999999999999456e-02 0.000000000000000000e+00 0.000000000000000000e+00
2.009100100000000000e+07 1.400000000000000000e+01 3.000000000000000000e+00 5.800000000000000000e+01 1.780999999999999872e+01 6.109999999999999876e-01 4.979999999999999982e-01 3.319999999999999840e+00 6.300000000000000044e-02 0.000000000000000000e+00 0.000000000000000000e+00
2.009101500000000000e+07 1.600000000000000000e+01 3.300000000000000000e+01 9.500000000000000000e+01 1.855999999999999872e+01 5.560000000000000497e-01 4.540000000000000147e-01 3.580000000000000071e+00 4.800000000000000100e-02 0.000000000000000000e+00 0.000000000000000000e+00
2.009110200000000000e+07 1.300000000000000000e+01 9.000000000000000000e+00 6.300000000000000000e+01 2.487999999999999901e+01 6.149999999999999911e-01 5.000000000000000000e-01 3.990000000000000213e+00 9.400000000000000022e-02 0.000000000000000000e+00 0.000000000000000000e+00
2.009111900000000000e+07 1.300000000000000000e+01 5.100000000000000000e+01 7.000000000000000000e+00 3.023999999999999844e+01 6.039999999999999813e-01 4.919999999999999929e-01 4.509999999999999787e+00 8.500000000000000611e-02 0.000000000000000000e+00 0.000000000000000000e+00
2.009112200000000000e+07 1.600000000000000000e+01 5.000000000000000000e+00 3.000000000000000000e+01 2.962999999999999901e+01 5.679999999999999494e-01 4.630000000000000226e-01 4.620000000000000107e+00 3.799999999999999906e-02 0.000000000000000000e+00 0.000000000000000000e+00
2.009120200000000000e+07 1.200000000000000000e+01 4.500000000000000000e+01 4.500000000000000000e+01 3.119999999999999929e+01 5.260000000000000231e-01 4.289999999999999925e-01 5.000000000000000000e+00 3.019999999999999907e-01 0.000000000000000000e+00 0.000000000000000000e+00
2.009121000000000000e+07 1.600000000000000000e+01 4.500000000000000000e+01 9.900000000000000000e+01 3.988000000000000256e+01 6.059999999999999831e-01 4.929999999999999938e-01 5.349999999999999645e+00 1.059999999999999970e-01 0.000000000000000000e+00 0.000000000000000000e+00
2.009122100000000000e+07 1.500000000000000000e+01 3.500000000000000000e+01 8.500000000000000000e+01 4.292000000000000171e+01 5.699999999999999512e-01 4.640000000000000235e-01 5.849999999999999645e+00 8.100000000000000255e-02 0.000000000000000000e+00 0.000000000000000000e+00
2.009122200000000000e+07 1.500000000000000000e+01 9.000000000000000000e+00 6.400000000000000000e+01 4.210999999999999943e+01 5.520000000000000462e-01 4.500000000000000111e-01 5.900000000000000355e+00 8.100000000000000255e-02 0.000000000000000000e+00 0.000000000000000000e+00
2.010012800000000000e+07 7.000000000000000000e+00 3.000000000000000000e+01 2.300000000000000000e+01 6.253000000000000114e+01 6.530000000000000249e-01 5.320000000000000284e-01 7.040000000000000036e+00 7.499999999999999722e-02 0.000000000000000000e+00 0.000000000000000000e+00
2.010013000000000000e+07 1.200000000000000000e+01 5.600000000000000000e+01 5.500000000000000000e+01 5.706000000000000227e+01 5.989999999999999769e-01 4.869999999999999885e-01 7.030000000000000249e+00 1.429999999999999882e-01 0.000000000000000000e+00 0.000000000000000000e+00
2.010031400000000000e+07 1.100000000000000000e+01 2.500000000000000000e+01 1.200000000000000000e+01 2.673999999999999844e+01 4.269999999999999907e-01 3.469999999999999751e-01 5.379999999999999893e+00 2.459999999999999964e-01 0.000000000000000000e+00 0.000000000000000000e+00
2.010040300000000000e+07 4.000000000000000000e+00 2.100000000000000000e+01 1.000000000000000000e+01 2.725000000000000000e+01 5.809999999999999609e-01 4.729999999999999760e-01 4.519999999999999574e+00 7.499999999999999722e-02 1.025493072622071233e-01 9.435866073895227135e-02
2.010040400000000000e+07 4.000000000000000000e+00 1.900000000000000000e+01 7.000000000000000000e+00 2.533999999999999986e+01 5.490000000000000435e-01 4.460000000000000075e-01 4.480000000000000426e+00 1.150000000000000050e-01 1.077806785414975321e-01 1.055112499290112860e-01
2.010040500000000000e+07 6.000000000000000000e+00 4.900000000000000000e+01 2.300000000000000000e+01 2.682000000000000028e+01 5.889999999999999680e-01 4.799999999999999822e-01 4.440000000000000391e+00 1.059999999999999970e-01 0.000000000000000000e+00 0.000000000000000000e+00
2.010040600000000000e+07 5.000000000000000000e+00 3.800000000000000000e+01 9.000000000000000000e+00 2.455000000000000071e+01 5.480000000000000426e-01 4.450000000000000067e-01 4.400000000000000355e+00 1.019999999999999934e-01 0.000000000000000000e+00 0.000000000000000000e+00
2.010040900000000000e+07 8.000000000000000000e+00 1.200000000000000000e+01 2.100000000000000000e+01 2.592000000000000171e+01 6.039999999999999813e-01 4.909999999999999920e-01 4.290000000000000036e+00 7.199999999999999456e-02 0.000000000000000000e+00 0.000000000000000000e+00
2.010041000000000000e+07 7.000000000000000000e+00 2.800000000000000000e+01 1.200000000000000000e+01 2.291000000000000014e+01 5.400000000000000355e-01 4.400000000000000022e-01 4.259999999999999787e+00 9.099999999999999756e-02 0.000000000000000000e+00 0.000000000000000000e+00
2.010042000000000000e+07 9.000000000000000000e+00 4.500000000000000000e+01 2.500000000000000000e+01 2.046999999999999886e+01 5.550000000000000488e-01 4.520000000000000129e-01 3.930000000000000160e+00 6.700000000000000400e-02 0.000000000000000000e+00 0.000000000000000000e+00
2.010043000000000000e+07 4.000000000000000000e+00 3.600000000000000000e+01 8.000000000000000000e+00 1.710000000000000142e+01 5.280000000000000249e-01 4.289999999999999925e-01 3.649999999999999911e+00 1.130000000000000032e-01 9.966088106928361334e-02 1.041787520058732319e-01
2.010050100000000000e+07 7.000000000000000000e+00 2.500000000000000000e+01 2.100000000000000000e+01 1.912000000000000099e+01 5.959999999999999742e-01 4.859999999999999876e-01 3.629999999999999893e+00 8.699999999999999400e-02 0.000000000000000000e+00 0.000000000000000000e+00
2.010050500000000000e+07 6.000000000000000000e+00 5.100000000000000000e+01 7.000000000000000000e+00 1.760000000000000142e+01 5.769999999999999574e-01 4.699999999999999734e-01 3.529999999999999805e+00 6.400000000000000133e-02 0.000000000000000000e+00 0.000000000000000000e+00
2.010051000000000000e+07 6.000000000000000000e+00 1.000000000000000000e+00 1.100000000000000000e+01 1.669999999999999929e+01 5.819999999999999618e-01 4.729999999999999760e-01 3.410000000000000142e+00 1.069999999999999979e-01 0.000000000000000000e+00 0.000000000000000000e+00
2.010051400000000000e+07 9.000000000000000000e+00 3.000000000000000000e+00 3.000000000000000000e+01 1.671000000000000085e+01 6.099999999999999867e-01 4.959999999999999964e-01 3.319999999999999840e+00 5.999999999999999778e-02 0.000000000000000000e+00 0.000000000000000000e+00
2.010051800000000000e+07 7.000000000000000000e+00 4.800000000000000000e+01 3.100000000000000000e+01 1.575000000000000000e+01 6.009999999999999787e-01 4.879999999999999893e-01 3.240000000000000213e+00 9.099999999999999756e-02 0.000000000000000000e+00 0.000000000000000000e+00
2.010051900000000000e+07 7.000000000000000000e+00 5.300000000000000000e+01 3.200000000000000000e+01 1.461999999999999922e+01 5.639999999999999458e-01 4.580000000000000182e-01 3.220000000000000195e+00 5.899999999999999689e-02 0.000000000000000000e+00 0.000000000000000000e+00
2.010052000000000000e+07 7.000000000000000000e+00 3.000000000000000000e+01 3.100000000000000000e+01 1.455000000000000071e+01 5.639999999999999458e-01 4.600000000000000200e-01 3.209999999999999964e+00 5.999999999999999778e-02 0.000000000000000000e+00 0.000000000000000000e+00
2.010052100000000000e+07 7.000000000000000000e+00 3.800000000000000000e+01 2.800000000000000000e+01 1.325999999999999979e+01 5.200000000000000178e-01 4.239999999999999880e-01 3.189999999999999947e+00 5.999999999999999778e-02 0.000000000000000000e+00 0.000000000000000000e+00
2.010052300000000000e+07 6.000000000000000000e+00 1.900000000000000000e+01 1.000000000000000000e+01 1.418999999999999950e+01 5.689999999999999503e-01 4.630000000000000226e-01 3.149999999999999911e+00 5.600000000000000117e-02 0.000000000000000000e+00 0.000000000000000000e+00
2.010052400000000000e+07 6.000000000000000000e+00 2.500000000000000000e+01 9.000000000000000000e+00 1.449000000000000021e+01 5.879999999999999671e-01 4.779999999999999805e-01 3.129999999999999893e+00 5.000000000000000278e-02 0.000000000000000000e+00 0.000000000000000000e+00
2.010052500000000000e+07 5.000000000000000000e+00 2.100000000000000000e+01 9.000000000000000000e+00 1.375000000000000000e+01 5.639999999999999458e-01 4.590000000000000191e-01 3.109999999999999876e+00 6.500000000000000222e-02 0.000000000000000000e+00 0.000000000000000000e+00
2.010052800000000000e+07 6.000000000000000000e+00 5.800000000000000000e+01 2.200000000000000000e+01 1.239000000000000057e+01 5.230000000000000204e-01 4.249999999999999889e-01 3.060000000000000053e+00 1.459999999999999909e-01 0.000000000000000000e+00 0.000000000000000000e+00
2.010052900000000000e+07 6.000000000000000000e+00 3.200000000000000000e+01 1.300000000000000000e+01 1.040000000000000036e+01 4.440000000000000058e-01 3.609999999999999876e-01 3.040000000000000036e+00 1.029999999999999943e-01 0.000000000000000000e+00 0.000000000000000000e+00
2.010060100000000000e+07 7.000000000000000000e+00 0.000000000000000000e+00 1.500000000000000000e+01 1.281000000000000050e+01 5.600000000000000533e-01 4.570000000000000173e-01 3.000000000000000000e+00 4.399999999999999745e-02 0.000000000000000000e+00 0.000000000000000000e+00
2.010060600000000000e+07 5.000000000000000000e+00 3.400000000000000000e+01 8.000000000000000000e+00 1.285999999999999943e+01 5.899999999999999689e-01 4.809999999999999831e-01 2.919999999999999929e+00 1.029999999999999943e-01 0.000000000000000000e+00 0.000000000000000000e+00
2.010061400000000000e+07 6.000000000000000000e+00 1.100000000000000000e+01 9.000000000000000000e+00 1.015000000000000036e+01 4.989999999999999991e-01 4.069999999999999729e-01 2.810000000000000053e+00 9.400000000000000022e-02 0.000000000000000000e+00 0.000000000000000000e+00
2.010061500000000000e+07 5.000000000000000000e+00 5.900000000000000000e+01 8.000000000000000000e+00 1.093999999999999950e+01 5.450000000000000400e-01 4.430000000000000049e-01 2.790000000000000036e+00 5.800000000000000294e-02 0.000000000000000000e+00 0.000000000000000000e+00
2.010061600000000000e+07 6.000000000000000000e+00 7.000000000000000000e+00 1.100000000000000000e+01 1.056000000000000050e+01 5.290000000000000258e-01 4.309999999999999942e-01 2.779999999999999805e+00 6.800000000000000488e-02 0.000000000000000000e+00 0.000000000000000000e+00
2.010061900000000000e+07 5.000000000000000000e+00 5.100000000000000000e+01 1.100000000000000000e+01 1.175999999999999979e+01 6.049999999999999822e-01 4.909999999999999920e-01 2.740000000000000213e+00 8.500000000000000611e-02 0.000000000000000000e+00 0.000000000000000000e+00
2.010062000000000000e+07 7.000000000000000000e+00 4.300000000000000000e+01 2.800000000000000000e+01 8.730000000000000426e+00 4.520000000000000129e-01 3.679999999999999938e-01 2.729999999999999982e+00 7.099999999999999367e-02 0.000000000000000000e+00 0.000000000000000000e+00
2.010062100000000000e+07 7.000000000000000000e+00 3.500000000000000000e+01 3.000000000000000000e+01 9.019999999999999574e+00 4.699999999999999734e-01 3.830000000000000071e-01 2.720000000000000195e+00 1.380000000000000115e-01 0.000000000000000000e+00 0.000000000000000000e+00
2.010062200000000000e+07 5.000000000000000000e+00 5.800000000000000000e+01 1.500000000000000000e+01 1.049000000000000021e+01 5.500000000000000444e-01 4.490000000000000102e-01 2.709999999999999964e+00 6.099999999999999867e-02 0.000000000000000000e+00 0.000000000000000000e+00
2.010062700000000000e+07 5.000000000000000000e+00 4.200000000000000000e+01 1.700000000000000000e+01 7.209999999999999964e+00 3.930000000000000160e-01 3.210000000000000075e-01 2.649999999999999911e+00 2.159999999999999976e-01 0.000000000000000000e+00 0.000000000000000000e+00
2.010070500000000000e+07 6.000000000000000000e+00 2.000000000000000000e+01 2.100000000000000000e+01 1.018999999999999950e+01 5.859999999999999654e-01 4.789999999999999813e-01 2.569999999999999840e+00 1.130000000000000032e-01 0.000000000000000000e+00 0.000000000000000000e+00
2.010070600000000000e+07 5.000000000000000000e+00 3.900000000000000000e+01 1.000000000000000000e+01 1.040000000000000036e+01 6.029999999999999805e-01 4.919999999999999929e-01 2.560000000000000053e+00 9.400000000000000022e-02 0.000000000000000000e+00 0.000000000000000000e+00
2.010070700000000000e+07 5.000000000000000000e+00 4.300000000000000000e+01 1.100000000000000000e+01 9.960000000000000853e+00 5.809999999999999609e-01 4.739999999999999769e-01 2.549999999999999822e+00 8.000000000000000167e-02 0.000000000000000000e+00 0.000000000000000000e+00
2.010070800000000000e+07 7.000000000000000000e+00 2.600000000000000000e+01 2.700000000000000000e+01 9.789999999999999147e+00 5.749999999999999556e-01 4.699999999999999734e-01 2.540000000000000036e+00 6.099999999999999867e-02 0.000000000000000000e+00 0.000000000000000000e+00
2.010071100000000000e+07 5.000000000000000000e+00 7.000000000000000000e+00 1.000000000000000000e+01 9.980000000000000426e+00 5.989999999999999769e-01 4.879999999999999893e-01 2.509999999999999787e+00 6.300000000000000044e-02 0.000000000000000000e+00 0.000000000000000000e+00
2.010071200000000000e+07 5.000000000000000000e+00 2.600000000000000000e+01 1.200000000000000000e+01 8.769999999999999574e+00 5.300000000000000266e-01 4.309999999999999942e-01 2.500000000000000000e+00 1.270000000000000018e-01 0.000000000000000000e+00 0.000000000000000000e+00
2.010071300000000000e+07 5.000000000000000000e+00 1.300000000000000000e+01 8.000000000000000000e+00 8.410000000000000142e+00 5.120000000000000107e-01 4.159999999999999809e-01 2.490000000000000213e+00 1.069999999999999979e-01 0.000000000000000000e+00 0.000000000000000000e+00
2.010071500000000000e+07 5.000000000000000000e+00 5.700000000000000000e+01 8.000000000000000000e+00 1.023000000000000043e+01 6.320000000000000062e-01 5.130000000000000115e-01 2.470000000000000195e+00 1.010000000000000064e-01 0.000000000000000000e+00 0.000000000000000000e+00
2.010071600000000000e+07 5.000000000000000000e+00 5.100000000000000000e+01 8.000000000000000000e+00 9.519999999999999574e+00 5.839999999999999636e-01 4.799999999999999822e-01 2.470000000000000195e+00 8.799999999999999489e-02 0.000000000000000000e+00 0.000000000000000000e+00
2.010071700000000000e+07 6.000000000000000000e+00 2.100000000000000000e+01 1.200000000000000000e+01 9.730000000000000426e+00 6.049999999999999822e-01 4.929999999999999938e-01 2.459999999999999964e+00 5.800000000000000294e-02 0.000000000000000000e+00 0.000000000000000000e+00
2.010071800000000000e+07 6.000000000000000000e+00 1.000000000000000000e+00 1.100000000000000000e+01 9.650000000000000355e+00 6.039999999999999813e-01 4.919999999999999929e-01 2.450000000000000178e+00 5.099999999999999672e-02 0.000000000000000000e+00 0.000000000000000000e+00
2.010071900000000000e+07 5.000000000000000000e+00 5.200000000000000000e+01 1.100000000000000000e+01 9.509999999999999787e+00 5.999999999999999778e-01 4.879999999999999893e-01 2.439999999999999947e+00 7.000000000000000666e-02 0.000000000000000000e+00 0.000000000000000000e+00
2.010072000000000000e+07 6.000000000000000000e+00 1.100000000000000000e+01 1.400000000000000000e+01 7.000000000000000000e+00 4.450000000000000067e-01 3.609999999999999876e-01 2.430000000000000160e+00 1.290000000000000036e-01 0.000000000000000000e+00 0.000000000000000000e+00
2.010072300000000000e+07 6.000000000000000000e+00 3.000000000000000000e+00 1.000000000000000000e+01 3.699999999999999956e-01 2.400000000000000050e-02 1.899999999999999953e-02 2.410000000000000142e+00 4.100000000000000172e-02 0.000000000000000000e+00 0.000000000000000000e+00
2.010072800000000000e+07 5.000000000000000000e+00 2.400000000000000000e+01 6.000000000000000000e+00 8.980000000000000426e+00 5.959999999999999742e-01 4.839999999999999858e-01 2.370000000000000107e+00 7.000000000000000666e-02 0.000000000000000000e+00 0.000000000000000000e+00
2.010073000000000000e+07 4.000000000000000000e+00 3.500000000000000000e+01 6.000000000000000000e+00 8.849999999999999645e+00 5.909999999999999698e-01 4.819999999999999840e-01 2.359999999999999876e+00 7.299999999999999545e-02 1.036099591251065100e-01 1.047371688863196759e-01
2.010080600000000000e+07 6.000000000000000000e+00 6.000000000000000000e+00 7.000000000000000000e+00 5.450000000000000178e+00 3.780000000000000027e-01 3.069999999999999951e-01 2.310000000000000053e+00 8.699999999999999400e-02 0.000000000000000000e+00 0.000000000000000000e+00
2.010081200000000000e+07 4.000000000000000000e+00 3.000000000000000000e+01 9.000000000000000000e+00 8.140000000000000568e+00 5.769999999999999574e-01 4.709999999999999742e-01 2.279999999999999805e+00 8.100000000000000255e-02 9.102392366166600635e-02 1.056769513860348342e-01
2.010081300000000000e+07 4.000000000000000000e+00 5.300000000000000000e+01 1.200000000000000000e+01 7.030000000000000249e+00 5.020000000000000018e-01 4.089999999999999747e-01 2.270000000000000018e+00 7.699999999999999900e-02 1.037560404535605718e-01 9.885987675846241718e-02
2.010081500000000000e+07 5.000000000000000000e+00 9.000000000000000000e+00 9.000000000000000000e+00 5.769999999999999574e+00 4.149999999999999800e-01 3.380000000000000226e-01 2.259999999999999787e+00 8.999999999999999667e-02 0.000000000000000000e+00 0.000000000000000000e+00
2.010081600000000000e+07 4.000000000000000000e+00 3.600000000000000000e+01 9.000000000000000000e+00 7.769999999999999574e+00 5.629999999999999449e-01 4.570000000000000173e-01 2.250000000000000000e+00 8.200000000000000344e-02 9.689635669992657796e-02 9.722907898380295233e-02
2.010092400000000000e+07 2.100000000000000000e+01 1.300000000000000000e+01 6.700000000000000000e+01 5.299999999999999822e+00 4.329999999999999960e-01 3.529999999999999805e-01 2.089999999999999858e+00 1.209999999999999964e-01 1.001120731630473215e-01 1.084432653502283572e-01
2.010092500000000000e+07 2.100000000000000000e+01 8.000000000000000000e+00 8.000000000000000000e+01 7.089999999999999858e+00 5.779999999999999583e-01 4.729999999999999760e-01 2.089999999999999858e+00 8.000000000000000167e-02 1.112783217082339293e-01 1.063905641551472492e-01
2.010092600000000000e+07 2.000000000000000000e+01 3.400000000000000000e+01 7.200000000000000000e+01 6.240000000000000213e+00 5.130000000000000115e-01 4.169999999999999818e-01 2.080000000000000071e+00 8.899999999999999578e-02 9.849945363483070260e-02 1.002437371357560170e-01
2.010100700000000000e+07 3.000000000000000000e+00 5.600000000000000000e+01 7.000000000000000000e+00 6.299999999999999822e+00 5.250000000000000222e-01 4.289999999999999925e-01 2.060000000000000053e+00 5.800000000000000294e-02 1.040174563501343741e-01 1.100300074763618796e-01
2.010100800000000000e+07 3.000000000000000000e+00 5.800000000000000000e+01 6.000000000000000000e+00 6.269999999999999574e+00 5.270000000000000240e-01 4.279999999999999916e-01 2.049999999999999822e+00 4.200000000000000261e-02 9.620781338989559117e-02 1.082592992930454523e-01
2.010100900000000000e+07 4.000000000000000000e+00 7.000000000000000000e+00 6.000000000000000000e+00 6.750000000000000000e+00 5.669999999999999485e-01 4.610000000000000209e-01 2.049999999999999822e+00 5.000000000000000278e-02 1.034851430298275865e-01 1.033310474692230585e-01
2.010103000000000000e+07 2.000000000000000000e+00 1.200000000000000000e+01 1.000000000000000000e+01 4.690000000000000391e+00 4.040000000000000258e-01 3.290000000000000147e-01 2.009999999999999787e+00 7.900000000000000078e-02 9.960907659176243545e-02 1.054554413527523660e-01
2.010103100000000000e+07 2.000000000000000000e+00 2.500000000000000000e+01 8.000000000000000000e+00 4.889999999999999680e+00 4.209999999999999853e-01 3.430000000000000271e-01 2.009999999999999787e+00 5.700000000000000205e-02 9.507318355137789334e-02 9.416734391920572600e-02
2.010110100000000000e+07 2.000000000000000000e+00 1.400000000000000000e+01 8.000000000000000000e+00 7.800000000000000266e-01 6.700000000000000400e-02 5.500000000000000028e-02 2.009999999999999787e+00 9.900000000000000466e-02 1.097890677842138785e-01 8.822402511058821672e-02
2.010111200000000000e+07 1.000000000000000000e+00 2.200000000000000000e+01 6.000000000000000000e+00 4.669999999999999929e+00 4.069999999999999729e-01 3.310000000000000164e-01 1.989999999999999991e+00 8.400000000000000522e-02 1.003578215650942629e-01 9.796750199020981542e-02
2.010111300000000000e+07 1.000000000000000000e+00 2.500000000000000000e+01 6.000000000000000000e+00 4.290000000000000036e+00 3.739999999999999991e-01 3.039999999999999925e-01 1.989999999999999991e+00 7.900000000000000078e-02 1.046869870497675326e-01 1.081394000773427400e-01
2.011081900000000000e+07 1.700000000000000000e+01 3.800000000000000000e+01 6.000000000000000000e+00 9.210000000000000853e+00 6.410000000000000142e-01 5.230000000000000204e-01 2.279999999999999805e+00 6.199999999999999956e-02 0.000000000000000000e+00 0.000000000000000000e+00
2.011101600000000000e+07 1.600000000000000000e+01 1.000000000000000000e+00 4.300000000000000000e+01 8.060000000000000497e+00 4.000000000000000222e-01 3.260000000000000120e-01 2.750000000000000000e+00 4.299999999999999656e-02 0.000000000000000000e+00 0.000000000000000000e+00
2.011101600000000000e+07 2.100000000000000000e+01 1.300000000000000000e+01 4.900000000000000000e+01 7.429999999999999716e+00 3.679999999999999938e-01 2.999999999999999889e-01 2.750000000000000000e+00 1.000000000000000056e-01 9.680287211107363454e-02 9.047519728695496699e-02
2.011102200000000000e+07 1.600000000000000000e+01 2.800000000000000000e+01 4.600000000000000000e+01 1.197000000000000064e+01 5.669999999999999485e-01 4.600000000000000200e-01 2.819999999999999840e+00 2.590000000000000080e-01 0.000000000000000000e+00 0.000000000000000000e+00
2.011110100000000000e+07 1.500000000000000000e+01 4.100000000000000000e+01 5.600000000000000000e+01 5.980000000000000426e+00 2.570000000000000062e-01 2.099999999999999922e-01 2.970000000000000195e+00 3.079999999999999960e-01 0.000000000000000000e+00 0.000000000000000000e+00
2.011120100000000000e+07 1.500000000000000000e+01 2.000000000000000000e+01 6.300000000000000000e+01 1.842000000000000171e+01 5.699999999999999512e-01 4.630000000000000226e-01 3.549999999999999822e+00 1.489999999999999936e-01 0.000000000000000000e+00 0.000000000000000000e+00
2.011120200000000000e+07 1.900000000000000000e+01 2.100000000000000000e+01 7.500000000000000000e+01 2.032999999999999829e+01 6.189999999999999947e-01 5.040000000000000036e-01 3.580000000000000071e+00 8.200000000000000344e-02 0.000000000000000000e+00 0.000000000000000000e+00
2.012011200000000000e+07 1.500000000000000000e+01 1.400000000000000000e+01 6.500000000000000000e+01 3.322999999999999687e+01 5.709999999999999520e-01 4.640000000000000235e-01 4.980000000000000426e+00 5.600000000000000117e-02 0.000000000000000000e+00 0.000000000000000000e+00
2.012011400000000000e+07 1.500000000000000000e+01 1.200000000000000000e+01 8.300000000000000000e+01 3.278000000000000114e+01 5.470000000000000417e-01 4.450000000000000067e-01 5.070000000000000284e+00 1.489999999999999936e-01 0.000000000000000000e+00 0.000000000000000000e+00
2.012022800000000000e+07 1.400000000000000000e+01 3.200000000000000000e+01 8.000000000000000000e+00 3.321999999999999886e+01 3.529999999999999805e-01 2.879999999999999782e-01 6.900000000000000355e+00 1.340000000000000080e-01 0.000000000000000000e+00 0.000000000000000000e+00
2.012061200000000000e+07 7.000000000000000000e+00 0.000000000000000000e+00 4.700000000000000000e+01 1.789000000000000057e+01 5.380000000000000338e-01 4.369999999999999996e-01 3.660000000000000142e+00 7.900000000000000078e-02 0.000000000000000000e+00 0.000000000000000000e+00
2.012061900000000000e+07 6.000000000000000000e+00 5.800000000000000000e+01 1.100000000000000000e+01 1.608999999999999986e+01 5.170000000000000151e-01 4.219999999999999862e-01 3.520000000000000018e+00 5.500000000000000028e-02 0.000000000000000000e+00 0.000000000000000000e+00
2.013030800000000000e+07 1.900000000000000000e+01 5.000000000000000000e+01 1.900000000000000000e+01 6.570000000000000284e+00 5.659999999999999476e-01 4.620000000000000218e-01 1.979999999999999982e+00 7.900000000000000078e-02 0.000000000000000000e+00 0.000000000000000000e+00
2.013030800000000000e+07 2.000000000000000000e+01 5.900000000000000000e+01 2.700000000000000000e+01 5.730000000000000426e+00 4.939999999999999947e-01 4.030000000000000249e-01 1.979999999999999982e+00 9.500000000000000111e-02 1.045863538846630858e-01 1.059102946716461435e-01
2.013030800000000000e+07 2.200000000000000000e+01 2.200000000000000000e+01 3.600000000000000000e+01 4.870000000000000107e+00 4.199999999999999845e-01 3.430000000000000271e-01 1.979999999999999982e+00 1.049999999999999961e-01 1.040225195054318985e-01 9.919850675405589291e-02
2.013030900000000000e+07 0.000000000000000000e+00 1.700000000000000000e+01 4.000000000000000000e+00 4.900000000000000355e+00 4.219999999999999862e-01 3.449999999999999734e-01 1.979999999999999982e+00 1.019999999999999934e-01 9.962169303169238210e-02 9.923701644981103298e-02
2.013030900000000000e+07 1.000000000000000000e+00 2.600000000000000000e+01 1.200000000000000000e+01 4.589999999999999858e+00 3.950000000000000178e-01 3.230000000000000093e-01 1.979999999999999982e+00 9.500000000000000111e-02 1.113002673604456261e-01 1.052124195715884447e-01
2.013030900000000000e+07 2.000000000000000000e+00 3.100000000000000000e+01 1.900000000000000000e+01 4.049999999999999822e+00 3.489999999999999769e-01 2.849999999999999756e-01 1.979999999999999982e+00 7.399999999999999634e-02 1.054211770603358800e-01 9.723866858264262891e-02
2.013030900000000000e+07 3.000000000000000000e+00 2.400000000000000000e+01 2.500000000000000000e+01 2.560000000000000053e+00 2.210000000000000020e-01 1.799999999999999933e-01 1.979999999999999982e+00 6.300000000000000044e-02 9.495986647713963724e-02 1.021486941451273944e-01
2.013030900000000000e+07 2.000000000000000000e+01 3.000000000000000000e+00 4.900000000000000000e+01 5.730000000000000426e+00 4.989999999999999991e-01 4.040000000000000258e-01 1.969999999999999973e+00 5.199999999999999761e-02 1.062757076159560610e-01 9.460019846482314865e-02
2.013030900000000000e+07 2.300000000000000000e+01 2.400000000000000000e+01 5.600000000000000000e+01 5.209999999999999964e+00 4.530000000000000138e-01 3.679999999999999938e-01 1.969999999999999973e+00 5.700000000000000205e-02 9.198402405713129726e-02 1.017415685796870251e-01
2.013031000000000000e+07 0.000000000000000000e+00 3.000000000000000000e+01 4.000000000000000000e+00 5.500000000000000000e+00 4.789999999999999813e-01 3.880000000000000115e-01 1.969999999999999973e+00 5.500000000000000028e-02 1.054198571717357424e-01 1.009967194969115800e-01
2.013031000000000000e+07 1.000000000000000000e+00 4.100000000000000000e+01 1.200000000000000000e+01 4.089999999999999858e+00 3.559999999999999831e-01 2.889999999999999791e-01 1.969999999999999973e+00 5.399999999999999939e-02 1.037070000441419060e-01 1.036321326171205093e-01
2.013031000000000000e+07 2.000000000000000000e+00 5.800000000000000000e+01 2.000000000000000000e+01 3.770000000000000018e+00 3.280000000000000138e-01 2.660000000000000142e-01 1.969999999999999973e+00 7.000000000000000666e-02 1.066823601901068508e-01 1.073214663596804841e-01
2.013031000000000000e+07 1.900000000000000000e+01 2.300000000000000000e+01 9.600000000000000000e+01 5.639999999999999680e+00 4.899999999999999911e-01 4.000000000000000222e-01 1.969999999999999973e+00 7.000000000000000666e-02 0.000000000000000000e+00 0.000000000000000000e+00
2.013031000000000000e+07 2.100000000000000000e+01 2.500000000000000000e+01 1.090000000000000000e+02 5.059999999999999609e+00 4.410000000000000031e-01 3.579999999999999849e-01 1.969999999999999973e+00 8.300000000000000433e-02 1.061049940461831764e-01 9.694558410286668870e-02
2.013031000000000000e+07 2.200000000000000000e+01 5.500000000000000000e+01 1.180000000000000000e+02 5.179999999999999716e+00 4.510000000000000120e-01 3.659999999999999920e-01 1.969999999999999973e+00 9.500000000000000111e-02 1.041333040741993510e-01 1.038232523769090365e-01
2.013031100000000000e+07 0.000000000000000000e+00 6.000000000000000000e+00 2.000000000000000000e+00 4.639999999999999680e+00 4.040000000000000258e-01 3.280000000000000138e-01 1.969999999999999973e+00 1.580000000000000016e-01 1.071326749494182495e-01 9.701803866475267046e-02
2.013031100000000000e+07 0.000000000000000000e+00 1.500000000000000000e+01 4.000000000000000000e+00 3.540000000000000036e+00 3.079999999999999960e-01 2.500000000000000000e-01 1.969999999999999973e+00 1.580000000000000016e-01 1.059171299633909213e-01 1.008785408621959978e-01
2.013033100000000000e+07 2.000000000000000000e+01 5.100000000000000000e+01 1.600000000000000000e+01 4.440000000000000391e+00 4.010000000000000231e-01 3.260000000000000120e-01 1.939999999999999947e+00 0.000000000000000000e+00 1.092119679136419608e-01 1.020049651998453100e-01
2.013040800000000000e+07 0.000000000000000000e+00 4.400000000000000000e+01 6.000000000000000000e+00 3.040000000000000036e+00 2.780000000000000249e-01 2.260000000000000064e-01 1.929999999999999938e+00 0.000000000000000000e+00 9.904289496225127110e-02 9.904745565029773879e-02
2.013100400000000000e+07 2.000000000000000000e+01 2.000000000000000000e+00 4.200000000000000000e+01 7.259999999999999787e+00 5.480000000000000426e-01 4.450000000000000067e-01 2.209999999999999964e+00 9.900000000000000466e-02 1.066189496149939631e-01 1.078686130304677415e-01
2.013100400000000000e+07 2.100000000000000000e+01 5.600000000000000000e+01 5.000000000000000000e+01 6.500000000000000000e+00 4.909999999999999920e-01 3.980000000000000204e-01 2.209999999999999964e+00 8.699999999999999400e-02 1.009384689469099428e-01 1.028544172158673553e-01
2.013100400000000000e+07 2.300000000000000000e+01 2.000000000000000000e+01 5.600000000000000000e+01 5.690000000000000391e+00 4.299999999999999933e-01 3.489999999999999769e-01 2.209999999999999964e+00 8.300000000000000433e-02 9.681303496387433372e-02 9.434624888456000225e-02
2.013102500000000000e+07 1.400000000000000000e+01 2.800000000000000000e+01 2.400000000000000000e+01 8.640000000000000568e+00 5.729999999999999538e-01 4.650000000000000244e-01 2.370000000000000107e+00 1.260000000000000009e-01 0.000000000000000000e+00 0.000000000000000000e+00
2.013102500000000000e+07 1.400000000000000000e+01 4.200000000000000000e+01 2.500000000000000000e+01 9.220000000000000639e+00 6.119999999999999885e-01 4.959999999999999964e-01 2.370000000000000107e+00 1.280000000000000027e-01 0.000000000000000000e+00 0.000000000000000000e+00
2.013102500000000000e+07 1.700000000000000000e+01 5.000000000000000000e+01 4.400000000000000000e+01 8.070000000000000284e+00 5.310000000000000275e-01 4.339999999999999969e-01 2.379999999999999893e+00 1.280000000000000027e-01 0.000000000000000000e+00 0.000000000000000000e+00
2.013102500000000000e+07 2.000000000000000000e+01 2.100000000000000000e+01 6.100000000000000000e+01 5.490000000000000213e+00 3.609999999999999876e-01 2.949999999999999845e-01 2.379999999999999893e+00 1.980000000000000093e-01 1.080365172304174060e-01 1.002606291853200271e-01
2.013102600000000000e+07 1.700000000000000000e+01 5.000000000000000000e+00 4.900000000000000000e+01 8.619999999999999218e+00 5.679999999999999494e-01 4.600000000000000200e-01 2.379999999999999893e+00 2.149999999999999967e-01 0.000000000000000000e+00 0.000000000000000000e+00
2.013102600000000000e+07 2.000000000000000000e+01 4.100000000000000000e+01 7.100000000000000000e+01 3.490000000000000213e+00 2.280000000000000082e-01 1.859999999999999987e-01 2.390000000000000124e+00 2.020000000000000129e-01 1.008202387055794069e-01 9.926846874072203786e-02
2.013102600000000000e+07 2.000000000000000000e+01 5.100000000000000000e+01 7.400000000000000000e+01 5.980000000000000426e+00 3.910000000000000142e-01 3.190000000000000058e-01 2.390000000000000124e+00 2.169999999999999984e-01 9.802197442739646327e-02 9.726684580774569433e-02
2.013102700000000000e+07 1.500000000000000000e+01 3.400000000000000000e+01 7.000000000000000000e+01 8.580000000000000071e+00 5.610000000000000542e-01 4.550000000000000155e-01 2.390000000000000124e+00 2.340000000000000135e-01 0.000000000000000000e+00 0.000000000000000000e+00
2.013102700000000000e+07 1.700000000000000000e+01 2.800000000000000000e+01 8.100000000000000000e+01 8.740000000000000213e+00 5.709999999999999520e-01 4.630000000000000226e-01 2.390000000000000124e+00 2.220000000000000029e-01 0.000000000000000000e+00 0.000000000000000000e+00
2.013102700000000000e+07 1.900000000000000000e+01 4.100000000000000000e+01 9.300000000000000000e+01 7.339999999999999858e+00 4.799999999999999822e-01 3.890000000000000124e-01 2.390000000000000124e+00 2.340000000000000135e-01 0.000000000000000000e+00 0.000000000000000000e+00
2.013102800000000000e+07 1.500000000000000000e+01 3.700000000000000000e+01 3.700000000000000000e+01 9.150000000000000355e+00 5.929999999999999716e-01 4.819999999999999840e-01 2.399999999999999911e+00 9.099999999999999756e-02 0.000000000000000000e+00 0.000000000000000000e+00
2.013102900000000000e+07 1.400000000000000000e+01 1.400000000000000000e+01 3.700000000000000000e+01 8.210000000000000853e+00 5.280000000000000249e-01 4.289999999999999925e-01 2.410000000000000142e+00 5.700000000000000205e-02 0.000000000000000000e+00 0.000000000000000000e+00
2.013103000000000000e+07 1.600000000000000000e+01 1.300000000000000000e+01 2.400000000000000000e+01 8.589999999999999858e+00 5.480000000000000426e-01 4.460000000000000075e-01 2.419999999999999929e+00 1.219999999999999973e-01 0.000000000000000000e+00 0.000000000000000000e+00
2.013103100000000000e+07 1.500000000000000000e+01 8.000000000000000000e+00 4.400000000000000000e+01 6.780000000000000249e+00 4.299999999999999933e-01 3.489999999999999769e-01 2.430000000000000160e+00 1.980000000000000093e-01 0.000000000000000000e+00 0.000000000000000000e+00
2.013110100000000000e+07 1.500000000000000000e+01 1.600000000000000000e+01 8.400000000000000000e+01 9.349999999999999645e+00 5.879999999999999671e-01 4.779999999999999805e-01 2.439999999999999947e+00 1.459999999999999909e-01 0.000000000000000000e+00 0.000000000000000000e+00
2.013110100000000000e+07 1.700000000000000000e+01 4.900000000000000000e+01 9.800000000000000000e+01 8.810000000000000497e+00 5.540000000000000480e-01 4.500000000000000111e-01 2.439999999999999947e+00 1.630000000000000060e-01 0.000000000000000000e+00 0.000000000000000000e+00
2.013110100000000000e+07 2.000000000000000000e+01 1.000000000000000000e+01 1.070000000000000000e+02 7.709999999999999964e+00 4.849999999999999867e-01 3.930000000000000160e-01 2.439999999999999947e+00 1.549999999999999989e-01 1.061603766909133828e-01 1.044157139720434668e-01
2.013110100000000000e+07 2.200000000000000000e+01 3.400000000000000000e+01 1.160000000000000000e+02 6.349999999999999645e+00 3.990000000000000213e-01 3.240000000000000102e-01 2.439999999999999947e+00 1.519999999999999962e-01 1.034918122808629048e-01 9.863854491029000471e-02
2.014011700000000000e+07 1.300000000000000000e+01 3.900000000000000000e+01 2.700000000000000000e+01 2.267000000000000171e+01 5.929999999999999716e-01 4.829999999999999849e-01 3.899999999999999911e+00 1.890000000000000013e-01 0.000000000000000000e+00 0.000000000000000000e+00
2.014011700000000000e+07 1.400000000000000000e+01 7.000000000000000000e+00 2.900000000000000000e+01 2.069000000000000128e+01 5.410000000000000364e-01 4.400000000000000022e-01 3.899999999999999911e+00 1.849999999999999978e-01 0.000000000000000000e+00 0.000000000000000000e+00
2.014011700000000000e+07 1.400000000000000000e+01 3.600000000000000000e+01 3.100000000000000000e+01 1.969999999999999929e+01 5.150000000000000133e-01 4.189999999999999836e-01 3.899999999999999911e+00 1.859999999999999987e-01 0.000000000000000000e+00 0.000000000000000000e+00
2.014011800000000000e+07 1.300000000000000000e+01 1.500000000000000000e+01 2.400000000000000000e+01 2.414999999999999858e+01 6.229999999999999982e-01 5.070000000000000062e-01 3.930000000000000160e+00 1.110000000000000014e-01 0.000000000000000000e+00 0.000000000000000000e+00
2.014011800000000000e+07 1.400000000000000000e+01 1.300000000000000000e+01 2.800000000000000000e+01 2.101000000000000156e+01 5.420000000000000373e-01 4.400000000000000022e-01 3.930000000000000160e+00 9.800000000000000377e-02 0.000000000000000000e+00 0.000000000000000000e+00
2.014011800000000000e+07 1.500000000000000000e+01 5.000000000000000000e+00 3.100000000000000000e+01 2.130000000000000071e+01 5.500000000000000444e-01 4.460000000000000075e-01 3.930000000000000160e+00 8.799999999999999489e-02 0.000000000000000000e+00 0.000000000000000000e+00
2.014020100000000000e+07 1.400000000000000000e+01 3.000000000000000000e+01 3.500000000000000000e+01 2.667999999999999972e+01 5.520000000000000462e-01 4.490000000000000102e-01 4.450000000000000178e+00 1.539999999999999980e-01 0.000000000000000000e+00 0.000000000000000000e+00
2.014020300000000000e+07 1.600000000000000000e+01 4.200000000000000000e+01 2.300000000000000000e+01 2.751999999999999957e+01 5.520000000000000462e-01 4.480000000000000093e-01 4.530000000000000249e+00 1.499999999999999944e-01 0.000000000000000000e+00 0.000000000000000000e+00
2.014050400000000000e+07 1.000000000000000000e+01 6.000000000000000000e+00 2.600000000000000000e+01 6.313000000000000256e+01 6.350000000000000089e-01 5.160000000000000142e-01 7.139999999999999680e+00 6.700000000000000400e-02 0.000000000000000000e+00 0.000000000000000000e+00
2.014051800000000000e+07 7.000000000000000000e+00 1.200000000000000000e+01 8.000000000000000000e+00 4.478999999999999915e+01 5.110000000000000098e-01 4.159999999999999809e-01 6.530000000000000249e+00 1.140000000000000041e-01 0.000000000000000000e+00 0.000000000000000000e+00
2.014052300000000000e+07 5.000000000000000000e+00 3.600000000000000000e+01 9.000000000000000000e+00 4.150000000000000000e+01 5.000000000000000000e-01 4.069999999999999729e-01 6.299999999999999822e+00 1.160000000000000059e-01 0.000000000000000000e+00 0.000000000000000000e+00
2.014052300000000000e+07 6.000000000000000000e+00 2.900000000000000000e+01 1.200000000000000000e+01 3.950000000000000000e+01 4.759999999999999787e-01 3.880000000000000115e-01 6.299999999999999822e+00 1.199999999999999956e-01 0.000000000000000000e+00 0.000000000000000000e+00
2.014052300000000000e+07 7.000000000000000000e+00 4.000000000000000000e+01 1.800000000000000000e+01 3.549000000000000199e+01 4.279999999999999916e-01 3.479999999999999760e-01 6.290000000000000036e+00 1.110000000000000014e-01 0.000000000000000000e+00 0.000000000000000000e+00
2.014052300000000000e+07 8.000000000000000000e+00 3.800000000000000000e+01 2.200000000000000000e+01 3.019999999999999929e+01 3.649999999999999911e-01 2.969999999999999862e-01 6.290000000000000036e+00 1.059999999999999970e-01 0.000000000000000000e+00 0.000000000000000000e+00
2.014052400000000000e+07 5.000000000000000000e+00 3.100000000000000000e+01 9.000000000000000000e+00 4.456000000000000227e+01 5.430000000000000382e-01 4.420000000000000040e-01 6.250000000000000000e+00 9.199999999999999845e-02 0.000000000000000000e+00 0.000000000000000000e+00
2.014052400000000000e+07 6.000000000000000000e+00 2.900000000000000000e+01 1.300000000000000000e+01 4.411999999999999744e+01 5.370000000000000329e-01 4.380000000000000004e-01 6.250000000000000000e+00 8.999999999999999667e-02 0.000000000000000000e+00 0.000000000000000000e+00
2.014052400000000000e+07 7.000000000000000000e+00 5.700000000000000000e+01 2.200000000000000000e+01 4.321999999999999886e+01 5.260000000000000231e-01 4.289999999999999925e-01 6.250000000000000000e+00 8.899999999999999578e-02 0.000000000000000000e+00 0.000000000000000000e+00
2.014052400000000000e+07 8.000000000000000000e+00 4.900000000000000000e+01 2.500000000000000000e+01 3.849000000000000199e+01 4.699999999999999734e-01 3.820000000000000062e-01 6.240000000000000213e+00 8.899999999999999578e-02 0.000000000000000000e+00 0.000000000000000000e+00
2.014052500000000000e+07 5.000000000000000000e+00 2.000000000000000000e+01 8.000000000000000000e+00 3.728000000000000114e+01 4.600000000000000200e-01 3.739999999999999991e-01 6.200000000000000178e+00 9.600000000000000200e-02 0.000000000000000000e+00 0.000000000000000000e+00
2.014052500000000000e+07 6.000000000000000000e+00 1.800000000000000000e+01 1.200000000000000000e+01 4.165999999999999659e+01 5.140000000000000124e-01 4.179999999999999827e-01 6.200000000000000178e+00 1.010000000000000064e-01 0.000000000000000000e+00 0.000000000000000000e+00
2.014052500000000000e+07 7.000000000000000000e+00 3.600000000000000000e+01 2.000000000000000000e+01 4.207999999999999829e+01 5.190000000000000169e-01 4.219999999999999862e-01 6.200000000000000178e+00 1.199999999999999956e-01 0.000000000000000000e+00 0.000000000000000000e+00
2.014052500000000000e+07 8.000000000000000000e+00 3.400000000000000000e+01 2.400000000000000000e+01 4.292999999999999972e+01 5.290000000000000258e-01 4.309999999999999942e-01 6.200000000000000178e+00 1.219999999999999973e-01 0.000000000000000000e+00 0.000000000000000000e+00
2.014052500000000000e+07 9.000000000000000000e+00 2.700000000000000000e+01 2.700000000000000000e+01 3.517000000000000171e+01 4.339999999999999969e-01 3.529999999999999805e-01 6.200000000000000178e+00 1.229999999999999982e-01 0.000000000000000000e+00 0.000000000000000000e+00
2.014072200000000000e+07 5.000000000000000000e+00 5.300000000000000000e+01 1.100000000000000000e+01 1.331000000000000050e+01 3.130000000000000004e-01 2.550000000000000044e-01 4.150000000000000355e+00 2.340000000000000135e-01 0.000000000000000000e+00 0.000000000000000000e+00
2.014082500000000000e+07 4.000000000000000000e+00 3.400000000000000000e+01 6.000000000000000000e+00 1.508999999999999986e+01 4.739999999999999769e-01 3.850000000000000089e-01 3.500000000000000000e+00 5.999999999999999778e-02 1.049678359023132890e-01 1.006660201194777282e-01
2.014082500000000000e+07 6.000000000000000000e+00 2.600000000000000000e+01 1.500000000000000000e+01 1.739999999999999858e+01 5.470000000000000417e-01 4.450000000000000067e-01 3.500000000000000000e+00 5.600000000000000117e-02 0.000000000000000000e+00 0.000000000000000000e+00
2.014091000000000000e+07 5.000000000000000000e+00 2.400000000000000000e+01 8.000000000000000000e+00 9.550000000000000711e+00 3.350000000000000200e-01 2.730000000000000204e-01 3.279999999999999805e+00 1.910000000000000031e-01 0.000000000000000000e+00 0.000000000000000000e+00
2.014091200000000000e+07 5.000000000000000000e+00 1.300000000000000000e+01 1.000000000000000000e+01 1.185999999999999943e+01 4.209999999999999853e-01 3.430000000000000271e-01 3.259999999999999787e+00 7.000000000000000666e-02 0.000000000000000000e+00 0.000000000000000000e+00
2.014091300000000000e+07 5.000000000000000000e+00 6.000000000000000000e+00 1.000000000000000000e+01 1.105000000000000071e+01 3.960000000000000187e-01 3.220000000000000084e-01 3.240000000000000213e+00 7.699999999999999900e-02 0.000000000000000000e+00 0.000000000000000000e+00
2.014091400000000000e+07 5.000000000000000000e+00 3.000000000000000000e+00 1.000000000000000000e+01 1.181000000000000050e+01 4.249999999999999889e-01 3.459999999999999742e-01 3.229999999999999982e+00 9.800000000000000377e-02 0.000000000000000000e+00 0.000000000000000000e+00
2.015112700000000000e+07 1.900000000000000000e+01 5.600000000000000000e+01 7.400000000000000000e+01 6.040000000000000036e+00 4.119999999999999774e-01 3.350000000000000200e-01 2.339999999999999858e+00 1.310000000000000053e-01 0.000000000000000000e+00 0.000000000000000000e+00
2.015112900000000000e+07 1.700000000000000000e+01 2.000000000000000000e+01 5.900000000000000000e+01 8.089999999999999858e+00 5.430000000000000382e-01 4.420000000000000040e-01 2.359999999999999876e+00 1.150000000000000050e-01 0.000000000000000000e+00 0.000000000000000000e+00
2.015112900000000000e+07 2.100000000000000000e+01 5.200000000000000000e+01 7.700000000000000000e+01 7.799999999999999822e+00 5.240000000000000213e-01 4.249999999999999889e-01 2.359999999999999876e+00 1.010000000000000064e-01 1.026411601568768539e-01 9.688023348174734650e-02
2.015120400000000000e+07 2.100000000000000000e+01 2.400000000000000000e+01 7.700000000000000000e+01 7.299999999999999822e+00 4.670000000000000262e-01 3.820000000000000062e-01 2.419999999999999929e+00 5.899999999999999689e-02 1.042797633516650557e-01 9.927265264154477853e-02
2.015120600000000000e+07 1.600000000000000000e+01 4.700000000000000000e+01 6.500000000000000000e+01 8.630000000000000782e+00 5.440000000000000391e-01 4.440000000000000058e-01 2.439999999999999947e+00 4.599999999999999922e-02 0.000000000000000000e+00 0.000000000000000000e+00
2.016010800000000000e+07 1.500000000000000000e+01 2.700000000000000000e+01 1.300000000000000000e+01 1.319999999999999929e+01 5.959999999999999742e-01 4.859999999999999876e-01 2.910000000000000142e+00 5.899999999999999689e-02 0.000000000000000000e+00 0.000000000000000000e+00
2.016020900000000000e+07 1.400000000000000000e+01 2.200000000000000000e+01 6.800000000000000000e+01 1.978000000000000114e+01 5.839999999999999636e-01 4.749999999999999778e-01 3.640000000000000124e+00 5.199999999999999761e-02 0.000000000000000000e+00 0.000000000000000000e+00
2.016031600000000000e+07 1.500000000000000000e+01 5.500000000000000000e+01 1.120000000000000000e+02 3.428000000000000114e+01 5.610000000000000542e-01 4.570000000000000173e-01 5.049999999999999822e+00 9.900000000000000466e-02 0.000000000000000000e+00 0.000000000000000000e+00
2.016062400000000000e+07 1.000000000000000000e+01 4.200000000000000000e+01 5.200000000000000000e+01 7.184999999999999432e+01 5.669999999999999485e-01 4.610000000000000209e-01 8.519999999999999574e+00 9.700000000000000289e-02 0.000000000000000000e+00 0.000000000000000000e+00
2.017042200000000000e+07 4.000000000000000000e+00 4.400000000000000000e+01 1.200000000000000000e+01 3.750000000000000000e+00 3.459999999999999742e-01 2.819999999999999729e-01 1.989999999999999991e+00 1.059999999999999970e-01 1.014582688595095927e-01 1.055318126426343650e-01
2.017112600000000000e+07 1.600000000000000000e+01 1.300000000000000000e+01 5.400000000000000000e+01 6.820000000000000284e+00 5.749999999999999556e-01 4.689999999999999725e-01 2.089999999999999858e+00 8.200000000000000344e-02 0.000000000000000000e+00 0.000000000000000000e+00
2.018041200000000000e+07 1.500000000000000000e+01 6.000000000000000000e+00 3.900000000000000000e+01 2.380999999999999872e+01 4.349999999999999978e-01 3.539999999999999813e-01 4.660000000000000142e+00 1.749999999999999889e-01 0.000000000000000000e+00 0.000000000000000000e+00
2.018052400000000000e+07 1.500000000000000000e+01 0.000000000000000000e+00 8.200000000000000000e+01 5.485000000000000142e+01 5.100000000000000089e-01 4.149999999999999800e-01 7.049999999999999822e+00 1.419999999999999873e-01 0.000000000000000000e+00 0.000000000000000000e+00
2.018052500000000000e+07 1.600000000000000000e+01 1.900000000000000000e+01 4.300000000000000000e+01 6.437000000000000455e+01 5.889999999999999680e-01 4.789999999999999813e-01 7.129999999999999893e+00 1.769999999999999907e-01 0.000000000000000000e+00 0.000000000000000000e+00
2.018052600000000000e+07 1.500000000000000000e+01 5.200000000000000000e+01 4.200000000000000000e+01 5.889000000000000057e+01 5.310000000000000275e-01 4.319999999999999951e-01 7.209999999999999964e+00 1.849999999999999978e-01 0.000000000000000000e+00 0.000000000000000000e+00
2.018052700000000000e+07 1.300000000000000000e+01 4.700000000000000000e+01 6.100000000000000000e+01 5.922999999999999687e+01 5.260000000000000231e-01 4.279999999999999916e-01 7.280000000000000249e+00 2.899999999999999800e-01 0.000000000000000000e+00 0.000000000000000000e+00
2.018061600000000000e+07 1.100000000000000000e+01 2.500000000000000000e+01 1.300000000000000000e+01 7.406999999999999318e+01 5.060000000000000053e-01 4.119999999999999774e-01 9.019999999999999574e+00 1.219999999999999973e-01 0.000000000000000000e+00 0.000000000000000000e+00
