20061001   1  1   1  1.0   0.0   0.0   1.0
20070425  16 44  78 17.13  0.863 0.750 2.60 
20070524  17 20  57 16.05  0.691 0.600 2.82
20070530  18 38  65 15.69  0.655 0.568 2.87 
20070603  17 45  91 16.62  0.680 0.589 2.90
20070604  14 56  69 16.59  0.675 0.585 2.91
20070612  19 15  60 17.38  0.677 0.586 2.98
20070613  19 10  65 17.25  0.668 0.578 2.99
20070614  18 46  61 16.86  0.649 0.562 3.00
20070615  16 52  57 17.03  0.651 0.565 3.01 
20070710  17 27  73 17.57  0.578 0.503 3.27
20070712  17 55  90 18.25  0.594 0.515 3.29
20070713  14 05  46 20.48  0.663 0.575 3.30 
20070714  14 51  53 20.09  0.647 0.561 3.31
20071108  12 32  18 65.15  0.638 0.553 6.44
20071204   8 22   6 91.55  0.687 0.596 7.65
20080101   7 47   8 85.34  0.652 0.566 7.68
20080119   5  6   6 60.77  0.579 0.502 6.87
20080120   9 52  38 67.21  0.652 0.566 6.71
20080130   9 23  36 48.05  0.552 0.478 6.10
20080215  10 51  51 42.94  0.659 0.572 5.20
20080216  11 11  64 39.65  0.622 0.539 5.14
20080318   5 58   6 23.32  0.616 0.536 3.89
20080319   4  8   6 22.94  0.615 0.534 3.86
20080415   6 52   6 16.23  0.636 0.551 3.16
20080416   6 34   6 15.95  0.633 0.548 3.14
20080608   6 44   6  8.69  0.573 0.497 2.40
20080609   6 39   6  8.75  0.581 0.505 2.39
20080630   5 53   9  8.00  0.610 0.529 2.22
20080910   4 20   7  8.23  0.801 0.703 1.92
20081130  19  4  52  5.75  0.565 0.489 1.88
20090407  16 34  79  7.93  0.570 0.493 2.16
20090407  16 43  81  8.11  0.583 0.504 2.16
20090407  16 51  82  7.84  0.564 0.488 2.16
20090408  16 34  69  7.91  0.564 0.491 2.17
20090408  16 46  71  7.80  0.556 0.484 2.17
20090523  15 20  83 10.07  0.643 0.558 2.31
20090526  16 34  50 10.42  0.661 0.573 2.32
20090708  14 51  78 12.12  0.673 0.585 2.51
20090710  14 56  79 12.15  0.670 0.582 2.52
20090725  16 36  77 11.96  0.621 0.540 2.61
20090809  17 28  64 12.53  0.608 0.527 2.71
20090815  16 46  70 12.96  0.608 0.528 2.76
20090824  16 56  60 17.36  0.774 0.671 2.84
20091016  14 26  82 21.30  0.615 0.532 3.59
20091018  16  4  61 22.06  0.620 0.539 3.64
20091118  16 17  46 31.31  0.600 0.520 4.84
20091202  13 11  52 40.23  0.632 0.549 5.00
20100325  10 29  42 36.91  0.639 0.554 4.88
20100405   5 10   7 23.31  0.479 0.415 4.44
20100528   6 43  19 14.82  0.610 0.528 3.06
20100529   7 58  25 12.93  0.538 0.466 3.04
20100609   5 43   9 12.35  0.569 0.495 2.88 
20100618   5 55   8 12.62  0.633 0.547 2.75
20100620   5 32  10 10.23  0.520 0.451 2.73
20100621   5 27   9 10.53  0.539 0.468 2.72
20100626   5 30   9 10.16  0.542 0.470 2.66
20100627   5  6   9  9.88  0.531 0.461 2.65
20100628   6  9  11  8.76  0.474 0.412 2.64
20100629   5 56   9 10.24  0.558 0.485 2.63
20100630   6  5  11  9.72  0.533 0.464 2.62
20100701   5 51  10  9.17  0.507 0.441 2.61
20100705   5 49  12 10.05  0.571 0.497 2.57
20100706   6 10  20 10.19  0.583 0.507 2.56
20100707   6 13  21  9.50  0.548 0.476 2.55
20100708   6 46  18  9.90  0.575 0.500 2.54
20100714   5 32   7  6.88  0.417 0.361 2.48
20100721   5 47   9  8.15  0.517 0.447 2.42
20100722   6 11  15  8.66  0.549 0.477 2.42
20110322  18 49  40  6.00  0.508 0.441 1.99
20110401  18 11  90  6.98  0.592 0.512 1.99
20111125  15 22  42  7.06  0.229 0.199 3.21
20111126  15 17  76 19.36  0.622 0.538 3.43
20111202  16 53  69 21.23  0.629 0.546 3.58
20120118  16 18  58 41.25  0.600 0.521 5.26
20120304   8 28   6 70.54  0.643 0.557 6.94
20120315   5 26  30 60.49  0.567 0.492 6.84
20120408  11 38  42 40.25  0.481 0.417 5.95
20130311  01 45  18  5.70  0.498 0.431 1 97
20130614  18 57   8  6.20  0.607 0.529 1.90
20130614  22 03  24  4.39  0.430 0.375 1.90
20130615  01 17   8  5.12  0.502 0.437 1.90
20130616  18 10  92  5.24  0.514 0.447 1.90
20130616  20 03 100  4.73  0.464 0.404 1.90
20130616  21 50 109  4.12  0.404 0.352 1.90
20130809  22 33  18  4.66  0.434 0.376 1.97
20130809  23 36  23  4.49  0.418 0.363 1.97
20130830  19 14  17  6.22  0.549 0.474 2.03
20130830  21 12  25  5.49  0.480 0.418 2.04
20130830  23 37  40  2.36  0.206 0.180 2.04
20130831   0 12   4  3.27  0.286 0.249 2.04
20130913  18 33  36  6.87  0.575 0.497 2.09
20130913  20 50  57  5.25  0.440 0.380 2.09
20130913  23 06  73  3.11  0.258 0.225 2.10
20130914   0 36   7  2.97  0.246 0.215 2.10
20130927  21  6  11  7.29  0.569 0.494 2.17
20130927  23  7  22  6.77  0.528 0.458 2.17
20131031  15 30  49  9.41  0.593 0.514 2.43
20131109  16  7  67 10.23  0.597 0.519 2.53
20131109  19 36  87 10.52  0.614 0.533 2.53
20131109  22 21 110  8.83  0.515 0.447 2.53
20131115  21 53 148  7.08  0.392 0.340 2.60
20140602  09 17  26 44.80  0.542 0.470 5.83
20140725   5 31  13 21.03  0.481 0.417 4.08
20150328   5 33  13  4.93  0.435 0.377 1.99
20150329  23 51  81  4.14  0.366 0.319 1.99
20150330   3 19  23  4.96  0.438 0.382 1.99
20160529   9 17   6 110.2  0.605 0.525 9.29
20160602  11 34  53 111.5  0.613 0.532 9.28
20160606  11 32  45 106.3  0.591 0.512 9.22
20160627   8 51  29  84.8  0.548 0.475 8.36
20160629   8 15  25  80.0  0.528 0.458 8.25
20160705   9 47  40  81.3  0.572 0.497 7.91
20160708   8  6  20  74.2  0.541 0.469 7.74
20160725   5 49  12  55.6  0.500 0.434 6.81
20160726   4 54  12  61.5  0.560 0.486 6.76
20161227   5 58  20  13.9  0.584 0.507 2.91
20170405   2 32  17  6.31  0.533 0.461 2.07
20170406   4  5  11  6.33  0.534 0.465 2.07
20170410   3 53  31  5.70  0.491 0.427 2.05
20171001  18 51  24  3.90  0.429 0.370 1.83
20171002  16 59  90  4.17  0.453 0.395 1.84
20171002  17 03  91  4.88  0.531 0.462 1.84
20171003  16 57  96  5.23  0.569 0.494 1.84
20171003  17 01  97  5.16  0.561 0.487 1.84
20171004  18 49  37  5.06  0.550 0.476 1.84
20171005  18 53  80  5.04  0.542 0.473 1.85
20171005  19 01  82  5.11  0.550 0.479 1.85
20171113  16 40  71  6.43  0.587 0.510 2.01
20180125  16 28  75 10.86  0.552 0.479 2.70
20180227  15 09  29 17.05  0.580 0.503 3.30
20180316  14 20  48 22.23  0.593 0.514 3.73
20180331  14 58  36 26.28  0.555 0.481 4.20
20180413  14 31  54 34.92  0.592 0.513 4.70
20180524  13 02  56 67.43  0.544 0.472 7.05
20180528  16 07  73 72.82  0.544 0.473 7.37
20180531  13 20  56 81.19  0.576 0.500 7.60
20180601  13 08  52 79.30  0.553 0.480 7.68
20180602  12 13  51 83.92  0.576 0.499 7.76
20180603  11 40  49 81.04  0.546 0.474 7.84
20180612  14 03  92 89.79  0.520 0.448 8.66
20180613  14 45  46 91.48  0.531 0.449 8.75
20180616  13 15  25 98.47  0.533 0.462 9.03


