20070118 04 03  26  1.53  0.499 0.406 0.0
20070119 04 02  24  1.66  0.542 0.441 0.0
20070215 03 47  17  1.23  0.411 0.335 0.0
20070216 03 51  12  1.68  0.561 0.457 0.0
20070503 16 55  71  1.97  0.635 0.518 0.0
20070525 14 43  54  2.15  0.678 0.547 0.109
20070703 15 54  91  1.98  0.583 0.473 0.087
20070704 16 49  97  1.83  0.539 0.437 0.106
20070714 12 46  39  2.31  0.673 0.544 0.108
20070717 13 09  51  2.27  0.654 0.532 0.096
20071001 10 28  46  1.70  0.474 0.386 0.218
20071013 07 54  20  2.03  0.573 0.465 0.047
20071110 05 36   9  1.66  0.484 0.394 0.042
20071111 05 40   9  1.37  0.404 0.326 0.108
20071123 05 38  13  1.71  0.509 0.415 0.068
20071126 07 20  22  1.93  0.581 0.471 0.046
20071218 04 43   8  1.67  0.520 0.422 0.251
20071219 04 31   6  1.56  0.486 0.395 0.065
20080506 17 56  74  1.72  0.555 0.452 0.141
20080508 17 13  38  1.53  0.494 0.401 0.061
20080606 13 18  36  1.96  0.604 0.492 0.101
20080625 16 44  67  1.92  0.578 0.467 0.221
20080701 16 03  70  2.13  0.634 0.513 0.117
20080702 18 40  72  1.72  0.512 0.414 0.117
20080707 18 22  85  2.17  0.639 0.518 0.061
20080711 17 51  54  1.68  0.490 0.399 0.047
20080714 15 03  57  2.04  0.594 0.482 0.040
20080718 15 34  60  2.09  0.602 0.490 0.087
20080719 15 30  44  1.65  0.476 0.387 0.107
20080720 13 36  83  2.17  0.625 0.508 0.116
20080721 13 52  68  2.07  0.597 0.484 0.088
20080725 17 26  71  2.10  0.605 0.489 0.050
20080726 13 21  52  2.08  0.593 0.483 0.111
20080802 17 09  83  1.91  0.545 0.440 0.078
20080803 17 18  82  2.04  0.582 0.470 0.122
20080804 13 00  40  1.77  0.499 0.407 0.137
20080808 13 09  60  2.34  0.660 0.536 0.090
20080815 14 12 114  2.16  0.609 0.492 0.123
20080816 12 22  67  1.69  0.472 0.385 0.124
20080904 12 03  39  2.20  0.614 0.496 0.152 
20080910 07 52  30  2.30  0.642 0.518 0.035
20080911 09 02  31  1.74  0.485 0.392 0.044 
20081017 04 44  15  1.52  0.429 0.349 0.127
20081018 04 40  17  2.03  0.573 0.466 0.141
20081019 04 23  10  2.06  0.581 0.474 0.129
20081111 08 33  21  2.14  0.624 0.507 0.072
20081215 05 16   9  1.70  0.524 0.426 0.154
20090106 05 29   6  1.99  0.635 0.516 0.074
20090119 05 34  16  1.69  0.552 0.446 0.182
20090120 03 57  13  1.38  0.450 0.365 0.135
20090203 04 52   7  1.64  0.541 0.440 0.111
20090504 15 20  82  1.30  0.424 0.344 0.058
20090505 16 21  91  1.33  0.434 0.351 0.051
20090506 16 55  85  1.49  0.486 0.393 0.049
20090507 17 57  69  1.75  0.571 0.461 0.087
20090509 15 34  53  1.07  0.345 0.281 0.103
20090510 17 02  60  1.33  0.429 0.349 0.099
20090617 15 34  82  2.13  0.649 0.528 0.169
20090618 16 27  79  2.01  0.612 0.497 0.150
20090715 13 26  47  2.19  0.638 0.519 0.114
20090804 14 52  79  2.21  0.630 0.510 0.094
20090904 11 51  35  2.36  0.658 0.532 0.106
20090905 07 14  12  2.62  0.731 0.590 0.077
20090906 09 52  20  2.37  0.654 0.534 0.121
20091015 10 34  54  2.39  0.674 0.545 0.052
20091102 08 53  35  2.30  0.656 0.534 0.087
20091204 07 52  29  2.07  0.624 0.505 0.264
20100430 16 23  71  2.02  0.667 0.538 0.083
20100522 17 41  61  2.09  0.666 0.542 0.062
20100528 16 43  72  2.11  0.665 0.542 0.076
20100529 17 11  74  1.50  0.473 0.385 0.045
20100606 17 10  71  1.98  0.617 0.502 0.045
20100609 14 59  65  1.93  0.601 0.487 0.103
20100612 16 54  68  1.91  0.589 0.480 0.089
20100613 14 35  45  2.04  0.629 0.511 0.074
20100618 17 45  74  1.77  0.539 0.440 0.096
20100628 18 20  69  1.58  0.476 0.386 0.089
20100629 17 58  67  1.58  0.476 0.386 0.135
20100630 18 15  64  1.52  0.458 0.371 0.104
20100701 18 13  73  1.63  0.491 0.397 0.115
20100720 11 52  61  2.26  0.659 0.534 0.057
20100729 14 35  42  2.26  0.651 0.527 0.090
20100731 16 46  85  2.50  0.721 0.582 0.066
20100801 16 50  73  2.21  0.630 0.514 0.077
20100802 17 14  65  2.09  0.596 0.485 0.067
20100803 17 08  68  2.27  0.647 0.526 0.064
20100804 17 14  65  2.28  0.650 0.529 0.073
20100805 17 13  91  2.28  0.650 0.527 0.077
20100812 16 22  76  2.32  0.654 0.532 0.073
20100813 16 26  84  2.19  0.618 0.502 0.076
20100815 16 02  65  2.23  0.629 0.510 0.084
20100819 08 32  23  2.50  0.705 0.570 0.103
20100825 13 04  38  2.16  0.603 0.490 0.074
20100827 15 14  40  2.27  0.633 0.514 0.071
20100830 15 37  50  2.06  0.575 0.465 0.060
20100902 09 00  21  2.48  0.692 0.559 0.094
20100903 10 04  28  2.40  0.670 0.541 0.070
20100904 10 17  31  2.37  0.661 0.534 0.086
20100905 09 26  21  2.45  0.676 0.552 0.072
20100910 13 55  50  2.36  0.651 0.530 0.065
20100911 14 13  65  2.43  0.671 0.546 0.049
20100917 15 08  68  2.40  0.663 0.539 0.063
20100921 13 37  14  2.07  0.571 0.465 0.079
20100922 12 01  38  2.16  0.596 0.485 0.072
20100923 12 33  49  2.48  0.685 0.557 0.099
20100924 12 33  46  2.29  0.632 0.514 0.117
20100925 12 18  59  2.20  0.607 0.494 0.110
20100926 12 17  51  2.33  0.643 0.523 0.088
20100928 10 10  28  2.28  0.629 0.512 0.094
20101002 12 11  47  2.41  0.665 0.542 0.096
20101004 11 19  36  2.31  0.638 0.520 0.073
20101023 07 27  20  2.20  0.620 0.502 0.055
20101024 08 18  56  2.10  0.592 0.480 0.080
20101026 07 27  13  2.17  0.612 0.497 0.149
20101029 09 49  42  2.35  0.663 0.540 0.115
20101102 09 57  23  2.36  0.673 0.544 0.082
20101103 09 51  22  2.39  0.681 0.552 0.089
20101104 10 12  37  2.35  0.670 0.543 0.155
20101105 10 02  29  2.16  0.616 0.500 0.061
20101121 06 55  14  2.10  0.612 0.497 0.121
20101126 07 08  13  2.01  0.592 0.480 0.047
20101202 04 39  14  2.02  0.602 0.487 0.107
20101205 05 08  10  2.05  0.611 0.496 0.034 
20101206 05 30   7  2.05  0.611 0.497 0.041
20101207 03 52   6  1.91  0.569 0.464 0.071
20101217 07 28  18  2.18  0.664 0.539 0.114
20110122 05 47  10  2.08  0.671 0.543 0.0
20110123 04 08  11  1.88  0.606 0.492 0.0
20110124 05 58  14  2.00  0.645 0.524 0.0
20110205 05 03   7  1.88  0.614 0.500 0.0
20110516 17 09  49  2.04  0.658 0.535 0.199
20110522 16 59  89  2.16  0.689 0.562 0.096
20110601 17 03  22  2.02  0.637 0.518 0.141
20110603 16 20  20  1.75  0.552 0.448 0.221
20110622 15 50  50  1.61  0.491 0.400 0.137
20110703 16 57  42  1.91  0.575 0.466 0.107
20110707 17 08  45  1.90  0.566 0.460 0.058 
20110712 14 20  45  1.91  0.563 0.459 0.068
20110717 17 28  52  2.23  0.657 0.531 0.083
20110729 16 03  74  1.65  0.476 0.386 0.094
20110801 12 42  48  2.33  0.672 0.533 0.138
20110802 16 53  51  2.37  0.683 0.552 0.104
20110803 16 29  51  2.32  0.661 0.539 0.077
20110807 16 24  64  2.02  0.576 0.467 0.099
20110816 12 47  57  2.17  0.612 0.497 0.116
20110829 14 44  34  2.32  0.647 0.525 0.104
20110831 12 55  41  1.65  0.460 0.373 0.063
20110831 14 04  49  2.19  0.611 0.494 0.066
20110923 09 17  39  2.37  0.654 0.530 0.081
20120531 17 09  37  2.08  0.663 0.535 0.214
20120729 17 58  41  1.35  0.389 0.317 0.087
20120730 11 40  27  2.35  0.677 0.551 0.071
20121006 07 42   8  2.17  0.599 0.485 0.125
20130330 22 26  48  1.02  0.340 0.276 0.158
20130405 18 15  17  1.95  0.651 0.528 0.0
20130405 19 27  24  1.50  0.501 0.406 0.0
20130405 20 56  35  1.07  0.357 0.290 0.0
20130405 22 16  42  0.87  0.291 0.235 0.0
20130405 23 55  54  0.32  0.107 0.087 0.0
20130406 17 31  43  1.83  0.611 0.495 0.0
20130406 18 08  47  1.70  0.568 0.460 0.0
20130406 18 54  53  1.20  0.401 0.325 0.0
20130406 20 00  59  1.54  0.515 0.417 0.0
20130406 21 39  70  1.51  0.504 0.408 0.0
20130406 23 02  80  0.95  0.317 0.257 0.0
20130407 00 13   3  0.61  0.204 0.165 0.0
20130407 01 37  11  0.98  0.327 0.265 0.0
20130407 17 51  45  1.53  0.511 0.414 0.0
20130407 19 12  54  1.53  0.511 0.414 0.0
20130407 20 27  62  1.45  0.484 0.392 0.0
20130407 22 06  74  1.28  0.428 0.346 0.0
20130407 22 20  77  1.26  0.421 0.341 0.0
20130407 23 29  84  1.32  0.441 0.357 0.0
20130408 00 54   8  0.71  0.237 0.192 0.0
20130408 01 24  12  0.00  0.000 0.000 0.0 not seen
20130426 17 47  11  1.81  0.598 0.485 0.090
20130426 22 23  39  1.01  0.333 0.271 0.189
20130427 21 45  36  1.29  0.426 0.345 0.131
20130428 00 01   1  0.24  0.079 0.064 0.228
20130428 20 38  28  1.59  0.525 0.425 0.081 
20130428 22 10  36  1.37  0.452 0.366 0.092
20130919 10 22  30  1.52  0.419 0.339 0.212
20130920  7 30  20  1.78  0.486 0.397 0.078
20140910 11 11  27  2.32  0.640 0.519 0.221
20140911 11 11  25  2.22  0.612 0.496 0.145
20140911 13 33  38  1.97  0.544 0.440 0.117
20140915 12 43  51  2.12  0.585 0.473 0.184
20140922 11 04  14  2.30  0.628 0.511 0.128
20140924 14 02  23  2.42  0.661 0.537 0.139
20141002 09 50  30  2.06  0.563 0.456 0.159
20141009 09 10  30  2.33  0.636 0.516 0.181
20141022 13 13  46  2.20  0.601 0.489 0.135
20141204 05 23  12  1.94  0.553 0.451 0.236
20150102 07 18  12  1.61  0.484 0.392 0.240
20150719 15 24  70  1.82  0.535 0.438 0.098
20150721 15  3  72  2.17  0.625 0.506 0.138
20150821 12 40  44  2.16  0.609 0.494 0.120
20150924  9 56  30  2.29  0.625 0.507 0.153
20151128  9  8  34  2.20  0.620 0.502 0.203
20151206  7 32  24  1.89  0.539 0.436 0.055
20151207 10 23  33  2.24  0.639 0.517 0.042
20151210  4 55  11  2.11  0.601 0.489 0.037
20160623 15 25  44  1.50  0.462 0.376 0.092
20160624 14 25  71  2.07  0.638 0.519 0.120
20160716 12 48  48  2.19  0.652 0.530 0.095
20160717 17 14 117  1.94  0.578 0.468 0.090
20160808 11 37  51  1.93  0.556 0.450 0.120
20160918 13 27  56  2.18  0.595 0.483 0.210
20161006 07 41  19  1.95  0.527 0.428 0.127
20161021 12 59  51  2.10  0.568 0.461 0.070
20161101 10 38  41  1.87  0.505 0.412 0.183
20161105 07 31  28  2.08  0.568 0.460 0.055
20161112 07 10  22  2.31  0.631 0.513 0.090
20161225 21 54  35  2.18  0.635 0.513 0.060
20170111 07 38  20  2.05  0.611 0.496 0.105
20170129 05 29  14  1.99  0.610 0.494 0.081
20170511 09 31  25  1.73  0.565 0.456 0.085
20170531 16 16 101  2.01  0.641 0.521 0.157
20170614 14 44  69  2.03  0.640 0.517 0.120
20170629 16 11  81  1.94  0.598 0.483 0.088
20170714 13 00  47  1.57  0.473 0.382 0.108
20170730 17 25  94  2.23  0.650 0.528 0.128
20170801 14 33  28  2.15  0.627 0.508 0.093
20170807 16 21  66  2.13  0.614 0.498 0.067
20170808 16 38  78  1.97  0.568 0.460 0.074
20170824 10 32  39  1.94  0.547 0.442 0.112
20170913 15 32  60  2.29  0.625 0.509 0.127
20170919 14 39  19  2.12  0.579 0.469 0.066
20170927 14 53  71  2.44  0.659 0.536 0.124
20171027 13 38  60  2.47  0.667 0.540 0.171
20171113 12 26  46  2.35  0.635 0.518 0.139
20171213 15 16  39  2.23  0.629 0.509 0.179
20180105  7 58  18  2.11  0.615 0.499 0.138
20180125  5 40  15  2.01  0.606 0.492 0.153
